,t,x,V,x_run,T_run,T_cal,baseline,Tin,Tout,t_start
0,1642612330.0226214,99.9895263671875,0.006345125,99.81503498531538,-15.174860144018657,44.93658120321801,-0.002345125,59.993797302246094,45.07563514271279,1642612355.0
1,1642612330.024947,99.9895263671875,0.01084517632687825,99.80260761004081,-15.172285857252355,44.93416099902918,-0.0023451763268782498,,,
2,1642612330.027804,99.9895263671875,-0.002904772346243477,99.78298779655269,-15.170412038093177,44.934809226590275,-0.0023452276537565,,,
3,1642612330.0311852,99.9895263671875,-0.008529721019365246,99.76332432986987,-15.170068857660498,44.93671271491711,-0.0023452789806347497,,,
4,1642612330.0352502,99.9895263671875,-0.0049046696924870065,99.74764479158898,-15.17182705870007,44.93780723858153,-0.002345330307513,,,
5,1642612330.0393114,99.9895263671875,0.0032203816343912496,99.72525300023644,-15.172184356515723,44.93708857980768,-0.0023453816343912497,,,
6,1642612330.0425532,99.9895263671875,0.0112204329612695,99.70909557435024,-15.169947380063574,44.934584633533795,-0.0023454329612695,,,
7,1642612330.04784,99.98679395914696,0.0008454842881477484,99.6934263749839,-15.167606642861054,44.934395955677935,-0.0023454842881477497,,,
8,1642612330.0504308,99.98202901840418,-0.00815446438497401,99.67373304032574,-14.923404768250743,44.93621570191971,-0.0023455356150259995,,,
9,1642612330.054497,99.97455008739293,-0.0064044130580957585,99.65588620036662,-14.587355892164505,44.93764490757234,-0.0023455869419042497,,,
10,1642612330.0577364,99.96859193813171,0.001095638268782526,99.6346726916146,-14.587674642507585,44.9374004054778,-0.0023456382687824994,,,
11,1642612330.0629866,99.95893532483362,0.013470689595660749,99.6183203382379,-14.585074021395451,44.934394293045585,-0.0023456895956607497,,,
12,1642612330.065589,99.9541488966901,0.004970740922539,99.59792976217717,-14.581974370935457,44.933285024958124,-0.0023457409225389994,,,
13,1642612330.0696616,99.94665812568252,-0.00865420775058276,99.57589451512092,-14.580022521818128,44.93521629368236,-0.002345792249417249,,,
14,1642612330.0729158,99.94067278828159,-0.008779156423704497,99.5583764399638,-14.579692561641155,44.93717544589074,-0.0023458435762954994,,,
15,1642612330.0769908,99.93317763209019,-0.0027791050968262415,99.54210649929492,-14.580235931010305,44.93779562961056,-0.002345894903173749,,,
16,1642612330.0805812,99.92420713678295,0.009095946230051999,99.52163948246171,-14.577119876337894,44.93576578274558,-0.0023459462300519994,,,
17,1642612330.0848138,99.90967322264505,0.00822099755693025,99.49952367751877,-14.571398472321707,44.93393118899403,-0.002345997556930249,,,
18,1642612330.0880675,99.89850078270588,-0.006653951116191509,99.48249256700102,-14.568574006754965,44.93541608143638,-0.0023460488838084994,,,
19,1642612330.0921485,99.8844875450391,-0.010278899789313248,99.46615436081127,-14.567271271158901,44.93770991563297,-0.002346100210686749,,,
20,1642612330.0957146,99.87224264255723,-0.0037788484624349927,99.44576983227842,-14.567664889060248,44.938553201588135,-0.002346151537564999,,,
21,1642612330.0999467,99.8577103657667,0.004846202864443249,99.42376295188787,-14.566162604152323,44.93747172535216,-0.002346202864443249,,,
22,1642612330.1032012,99.84653546980645,0.008971254191321498,99.40676290259862,-14.562365276804234,44.93546970470091,-0.002346254191321499,,,
23,1642612330.1072686,99.83256889654037,-0.0036536944818002562,99.39060986911723,-14.558767529504696,44.93628506135561,-0.002346305518199749,,,
24,1642612330.1117735,99.81503498531538,-0.012403643154922015,99.3702719324271,-14.556516888591599,44.93905305223151,-0.002346356845077999,,,
25,1642612330.1143527,99.80260761004081,-0.009028591828043747,99.34948599724905,-14.604458421448667,44.94106786832143,-0.002346408171956249,,,
26,1642612330.1184247,99.78298779655269,-0.0016535405011655047,99.33099721091392,-14.675871107687682,44.941436871602406,-0.002346459498834499,,,
27,1642612330.1225057,99.76332432986987,0.00847151082571275,99.31401002982805,-14.672797180159149,44.93954637343362,-0.0023465108257127486,,,
28,1642612330.1257598,99.74764479158898,0.0017215621525910121,99.29380812899568,-14.669195090104399,44.93916219047453,-0.002346562152590999,,,
29,1642612330.130407,99.72525300023644,-0.01077838652053075,99.27765869463329,-14.666498449549556,44.94156748988319,-0.0023466134794692486,,,
30,1642612330.1337605,99.70909557435024,-0.011278335193652499,99.25508811529988,-14.665537244433379,44.94408435759064,-0.002346664806347499,,,
31,1642612330.1370125,99.6934263749839,-0.00715328386677426,99.238903132986,-14.66507907142336,44.94568068088281,-0.0023467161332257486,,,
32,1642612330.1410997,99.67373304032574,0.0024717674601039985,99.21862895131893,-14.661929742252097,44.94512908247809,-0.0023467674601039983,,,
33,1642612330.1447444,99.65588620036662,0.0015968187869822756,99.2022674141793,-14.51849504092272,44.944772737186824,-0.0023468187869822485,,,
34,1642612330.148979,99.6346726916146,-0.013028129886139501,99.17944940195994,-14.460920239100775,44.947680088213005,-0.0023468701138604983,,,
35,1642612330.1522431,99.6183203382379,-0.015528078559261253,99.16298783498338,-14.45957467109907,44.951145326549465,-0.0023469214407387485,,,
36,1642612330.1563134,99.59792976217717,-0.009778027232382998,99.14250243614903,-14.45989198793761,44.95332738627381,-0.0023469727676169983,,,
37,1642612330.160712,99.57589451512092,-0.001652975905504755,99.12618136106364,-14.458074878857104,44.95369626355989,-0.0023470240944952485,,,
38,1642612330.164209,99.5583764399638,0.002722075421373498,99.10404007916993,-14.454048886768296,44.953088806554256,-0.0023470754213734983,,,
39,1642612330.1674566,99.54210649929492,-0.009902873251748262,99.08687605273745,-14.450693018525854,44.95529872685458,-0.002347126748251748,,,
40,1642612330.1715422,99.52163948246171,-0.017527821924870006,99.06410796086769,-14.448875940013169,44.95921022693213,-0.0023471780751299983,,,
41,1642612330.1759565,99.49952367751877,-0.014152770597991738,99.04767040959902,-14.448994755613999,44.9623685522237,-0.002347229402008248,,,
42,1642612330.1793554,99.48249256700102,-0.006527719271113496,99.03124846854048,-14.462264733411951,44.963825274829894,-0.0023472807288864982,,,
43,1642612330.182616,99.46615436081127,0.001972332055764734,99.01163166725618,-14.482250152064509,44.96338513018316,-0.002347332055764748,,,
44,1642612330.1866841,99.44576983227842,-0.007527616617356997,98.990297086275,-14.47878595557893,44.96506498938693,-0.0023473833826429978,,,
45,1642612330.191076,99.42376295188787,-0.019027565290478755,98.97395302954153,-14.47649133682539,44.969311171452695,-0.002347434709521248,,,
46,1642612330.1944687,99.40676290259862,-0.018027513963600507,98.95346756823677,-14.475938637364658,44.97333418255863,-0.0023474860363994978,,,
47,1642612330.1976924,99.39060986911723,-0.01127746263672225,98.93562407873199,-14.475211757189802,44.97585085554671,-0.002347537363277748,,,
48,1642612330.2017512,99.3702719324271,0.0005975886901560239,98.91428111434075,-14.471921792486365,44.97571749794997,-0.0023475886901559977,,,
49,1642612330.2058995,99.34948599724905,-0.0015273599829657694,98.89796939361753,-14.467885305539351,44.976058342848866,-0.002347640017034248,,,
50,1642612330.2096014,99.33099721091392,-0.015277308656087504,98.87732344989156,-14.52415811479478,44.97946761949768,-0.0023476913439124977,,,
51,1642612330.2130194,99.31401002982805,-0.01790225732920924,98.85288857602568,-14.660673102676146,44.983462678395,-0.0023477426707907475,,,
52,1642612330.2170842,99.29380812899568,-0.013402206002331017,98.8389741525051,-14.660970517515704,44.986453508062375,-0.0023477939976689977,,,
53,1642612330.2203336,99.27765869463329,-0.0047771546754527446,98.8228702396177,-14.658770946526607,44.98751957553862,-0.0023478453245472475,,,
54,1642612330.224875,99.25508811529988,-0.0022771033485744926,98.80270992252292,-14.655058054854525,44.98802773279642,-0.0023478966514254977,,,
55,1642612330.2281315,99.238903132986,-0.01565205202169624,98.780792578613,-14.651900061590913,44.991520636989485,-0.0023479479783037474,,,
56,1642612330.2322109,99.21862895131893,-0.02127700069481801,98.76390645203925,-14.650331076250493,44.99626880194829,-0.0023479993051819976,,,
57,1642612330.235503,99.2022674141793,-0.01615194936793974,98.74782971576029,-14.650830320354572,44.999873262986064,-0.0023480506320602474,,,
58,1642612330.2400506,99.17944940195994,-0.006776898041061497,98.72768475935723,-14.628522373430776,45.00138559220339,-0.002348101958938497,,,
59,1642612330.243319,99.16298783498338,0.0015981532858167745,98.70170124440251,-14.571847165808569,45.00102894910603,-0.0023481532858167474,,,
60,1642612330.2473865,99.14250243614903,-0.009151795387305013,98.688853006332,-14.568755578226298,45.00307125924134,-0.002348204612694997,,,
61,1642612330.250627,99.12618136106364,-0.02027674406042676,98.67268759975245,-14.566818281359481,45.007596207423994,-0.0023482559395732474,,,
62,1642612330.2550232,99.10404007916993,-0.016901692733548492,98.65245085280445,-14.566813159939587,45.01136798082067,-0.002348307266451497,,,
63,1642612330.2584312,99.08687605273745,-0.009151641406670264,98.63217016198435,-14.566657490477812,45.01341025659375,-0.002348358593329747,,,
64,1642612330.2629519,99.06410796086769,0.0005984099202080233,98.61391445229847,-14.56371650241026,45.01327671573172,-0.002348409920207997,,,
65,1642612330.2662156,99.04767040959902,-0.006026538752913747,98.59692005050971,-14.560374035785138,45.01462159514118,-0.002348461247086247,,,
66,1642612330.2694762,99.03124846854048,-0.018151487426035492,98.57667380218396,-14.557960022446665,45.01867227210372,-0.002348512573964497,,,
67,1642612330.273375,99.01163166725618,-0.017401436099157244,98.55637529628056,-14.520268775313747,45.02255556798287,-0.002348563900842747,,,
68,1642612330.2776222,98.990297086275,-0.011526384772279002,98.53861335912873,-14.469801581068896,45.025127790311686,-0.002348615227720997,,,
69,1642612330.280876,98.97395302954153,-0.002776333445400744,98.52145171482884,-14.468374950746858,45.02574735551114,-0.002348666554599247,,,
70,1642612330.284954,98.95346756823677,-0.0036512821185225087,98.50108286726334,-14.465551659512203,45.02656217382405,-0.0023487178814774966,,,
71,1642612330.2885063,98.93562407873199,-0.016526230791644256,98.48073313864427,-14.463376832979,45.03025015931935,-0.002348769208355747,,,
72,1642612330.2927551,98.91428111434075,-0.02027617946476601,98.45868421366018,-14.462573747275123,45.03477498150711,-0.0023488205352339966,,,
73,1642612330.2960024,98.89796939361753,-0.014026128137887754,98.44573710211657,-14.463316986300168,45.037905045329886,-0.002348871862112247,,,
74,1642612330.3001125,98.87732344989156,-0.003776076811009495,98.42531806731664,-14.462164753306114,45.03874771276469,-0.0023489231889904966,,,
75,1642612330.3049967,98.85288857602568,0.0014739745158687321,98.40496953363173,-14.48299999281597,45.03841878134025,-0.002348974515868747,,,
76,1642612330.3078043,98.8389741525051,-0.010900974157253015,98.38299663906584,-14.526708009775463,45.040851437345324,-0.0023490258427469966,,,
77,1642612330.3110538,98.8228702396177,-0.018400922830374745,98.37016128347025,-14.525023860551501,45.04495777818941,-0.0023490771696252463,,,
78,1642612330.3151217,98.80270992252292,-0.01565087150349649,98.34990463324134,-14.525620410326582,45.04845041893862,-0.0023491284965034965,,,
79,1642612330.319544,98.780792578613,-0.007775820176618249,98.32961230942823,-14.525665595108062,45.050185667126,-0.0023491798233817463,,,
80,1642612330.3229513,98.76390645203925,0.0024742311502599966,98.31313705912466,-14.523179476339413,45.04963351892541,-0.0023492311502599965,,,
81,1642612330.3261952,98.74782971576029,-0.004025717522861745,98.29038682536009,-14.520467805247089,45.05053189605808,-0.0023492824771382463,,,
82,1642612330.33026,98.72768475935723,-0.015775666195983508,98.27410540153066,-14.51895914508604,45.05405238592918,-0.002349333804016496,,,
83,1642612330.3354952,98.70170124440251,-0.015400614869105243,98.25385826425754,-14.5191296835766,45.05748917953155,-0.0023493851308947463,,,
84,1642612330.3380744,98.688853006332,-0.009650563542227014,98.23766602438862,-14.46906565338506,45.0596427945218,-0.002349436457772996,,,
85,1642612330.3413196,98.67268759975245,-2.5512215348769737e-05,98.21480936996906,-14.447115079629262,45.05964848781517,-0.0023494877846512463,,,
86,1642612330.345382,98.65245085280445,-0.0007754608884704929,98.19850728303805,-14.444341968641025,45.05982153928376,-0.002349539111529496,,,
87,1642612330.3494532,98.63217016198435,-0.014650409561592241,98.17814700176474,-14.442416805432932,45.0630909174405,-0.0023495904384077462,,,
88,1642612330.353118,98.61391445229847,-0.016650358234713992,98.16164415610301,-14.442411981634038,45.06680660315464,-0.002349641765285996,,,
89,1642612330.3565295,98.59692005050971,-0.012025306907835754,98.13889508493268,-14.443978346448969,45.06949016470063,-0.0023496930921642458,,,
90,1642612330.3605938,98.57667380218396,-0.0022752555809574943,98.12223450026825,-14.44357451369431,45.06999790961152,-0.002349744419042496,,,
91,1642612330.3646686,98.55637529628056,0.003849795745920746,98.10185151413849,-14.4412503620138,45.06913879109564,-0.0023497957459207458,,,
92,1642612330.368225,98.53861335912873,-0.007150152927201012,98.0856091768297,-14.444322784397206,45.07073441568888,-0.002349847072798996,,,
93,1642612330.3716493,98.52145171482884,-0.014150101600322741,98.06308272839226,-14.453244676204964,45.073892145368255,-0.0023498983996772457,,,
94,1642612330.3757133,98.50108286726334,-0.010900050273444517,98.04603654717671,-14.454013804852423,45.07632459519988,-0.0023499497265554955,,,
95,1642612330.3797736,98.48073313864427,-0.004024998946566246,98.02542092259435,-14.453909190440855,45.077222811975425,-0.0023500010534337457,,,
96,1642612330.384173,98.45868421366018,0.0037250523803119954,98.00916383905955,-14.451607720743905,45.076391531127356,-0.0023500523803119955,,,
97,1642612330.3867562,98.44573710211657,-0.005774896292809748,97.98294215894192,-14.44935619004917,45.07768025412979,-0.0023501037071902457,,,
98,1642612330.3908303,98.42531806731664,-0.01627484496593151,97.96989638064346,-14.448602532487763,45.08131214048847,-0.0023501550340684955,,,
99,1642612330.3948903,98.40496953363173,-0.014524793639053256,97.95364049090243,-14.449746178119392,45.084553486258024,-0.0023502063609467457,,,
100,1642612330.3992817,98.38299663906584,-0.008399742312175013,97.9333089892369,-14.451239335324185,45.086427968600795,-0.0023502576878249954,,,
101,1642612330.4018552,98.37016128347025,0.0029753090147032453,97.91287959648238,-14.470382311199561,45.08576400011163,-0.002350309014703245,,,
102,1642612330.4059167,98.34990463324134,0.0002253603415815074,97.89504112297524,-14.49676866908168,45.085713708809195,-0.0023503603415814954,,,
103,1642612330.4099853,98.32961230942823,-0.012399588331540267,97.87809548836857,-14.495736961374556,45.0884807948127,-0.002350411668459745,,,
104,1642612330.4132886,98.31313705912466,-0.013524537004662005,97.85777452796121,-14.49623326475932,45.09149892380611,-0.0023504629953379954,,,
105,1642612330.41785,98.29038682536009,-0.00752448567778375,97.83745594705742,-14.497706496965565,45.09317808431095,-0.002350514322216245,,,
106,1642612330.4211144,98.27410540153066,0.000850565649094494,97.81954661350872,-14.497175803979912,45.09298827250109,-0.0023505656490944954,,,
107,1642612330.425174,98.25385826425754,0.004600616975972745,97.80252959379523,-14.495242366458992,45.09196160109061,-0.002350616975972745,,,
108,1642612330.4284205,98.23766602438862,-0.007899331697149015,97.78224432594128,-14.493759824710418,45.09372441204786,-0.002350668302850995,,,
109,1642612330.4329872,98.21480936996906,-0.013899280370270741,97.76194359131419,-14.46603762656999,45.096826168585515,-0.002350719629729245,,,
110,1642612330.4362397,98.19850728303805,-0.009649229043392516,97.73934564592905,-14.412535233083558,45.09897948576966,-0.002350770956607495,,,
111,1642612330.440302,98.17814700176474,-2.4177716514270885e-05,97.7263474652199,-14.412779718445117,45.098984881256925,-0.002350822283485745,,,
112,1642612330.4435945,98.16164415610301,0.007850873610363995,97.70594260692725,-14.410832418733108,45.09723288418237,-0.002350873610363995,,,
113,1642612330.4481332,98.13889508493268,-0.002024075062757773,97.68556287629683,-14.409308544268445,45.097684575772966,-0.0023509249372422446,,,
114,1642612330.4514573,98.12223450026825,-0.011649023735879518,97.66343258519717,-14.409079831761725,45.100284166152285,-0.002350976264120495,,,
115,1642612330.455524,98.10185151413849,-0.008773972409001251,97.6504583355949,-14.410893484222424,45.1022421614985,-0.0023510275909987446,,,
116,1642612330.4587646,98.0856091768297,-0.0037739210821229967,97.63003792208278,-14.412308638650755,45.10308434786191,-0.002351078917876995,,,
117,1642612330.4632604,98.06308272839226,0.0038511302447552446,97.60964502934357,-14.410959152439723,45.10222493153993,-0.0023511302447552446,,,
118,1642612330.4666648,98.04603654717671,-0.0005238184283665216,97.59334794554917,-14.50169077633564,45.1023418266015,-0.002351181571633495,,,
119,1642612330.470782,98.02542092259435,-0.011523767101488254,97.57046150074727,-14.538780637020047,45.104913464772196,-0.0023512328985117446,,,
120,1642612330.4740288,98.00916383905955,-0.011273715774610005,97.55428028283062,-14.539856824827014,45.10742930161238,-0.0023512842253899944,,,
121,1642612330.4792657,97.98294215894192,-0.003773664447731747,97.53407332588222,-14.541888076825389,45.10827143070538,-0.0023513355522682446,,,
122,1642612330.4818711,97.96989638064346,0.005726386879146494,97.51786246334824,-14.541481438502863,45.10699353303972,-0.0023513868791464943,,,
123,1642612330.4851177,97.95364049090243,0.007476438206024744,97.4952732649522,-14.539667362695592,45.10532509478493,-0.0023514382060247445,,,
124,1642612330.4891782,97.9333089892369,-0.007398510467097014,97.47906477398762,-14.538758085064051,45.10697614272402,-0.0023514895329029943,,,
125,1642612330.4932582,97.91287959648238,-0.010398459140218766,97.45882105771373,-14.539356797564446,45.10929665772627,-0.0023515408597812445,,,
126,1642612330.496826,97.89504112297524,-0.005148407813340512,97.44272047315619,-14.495557943105926,45.110445573869264,-0.0023515921866594943,,,
127,1642612330.5002217,97.87809548836857,0.002476643513537744,97.42051655939635,-14.406961461638236,45.10989288732688,-0.002351643513537744,,,
128,1642612330.504294,97.85777452796121,0.007351694840415994,97.40348131425401,-14.405662257932512,45.1082522867399,-0.0023516948404159943,,,
129,1642612330.5083656,97.83745594705742,-0.0026482538327057604,97.38307444783956,-14.404363064454882,45.10884326975629,-0.002351746167294244,,,
130,1642612330.5119545,97.81954661350872,-0.009648202505827517,97.36678007368319,-14.404010078625278,45.110996357858824,-0.0023517974941724942,,,
131,1642612330.5153646,97.80252959379523,-0.007398151178949265,97.3444785404339,-14.405748697358263,45.11264732561935,-0.002351848821050744,,,
132,1642612330.5194297,97.78224432594128,-0.0018980998520709822,97.32733916641308,-14.407064027464974,45.113070904644196,-0.002351900147928994,,,
133,1642612330.5234978,97.76194359131419,0.007851951474807243,97.30689280283784,-14.405889374545762,45.11131866703394,-0.002351951474807244,,,
134,1642612330.5280178,97.73934564592905,0.0012270028016855066,97.29061638193637,-14.439733760720356,45.11104484969517,-0.0023520028016854938,,,
135,1642612330.5306077,97.7263474652199,-0.009772945871436253,97.2643873247938,-14.527889752864795,45.113225775465516,-0.002352054128563744,,,
136,1642612330.5346735,97.70594260692725,-0.007647894544558016,97.2515177344785,-14.529392226985413,45.11493247583207,-0.0023521054554419937,,,
137,1642612330.5387342,97.68556287629683,-0.0011478432176797592,97.23515573251747,-14.531522560048296,45.1151886279572,-0.002352156782320244,,,
138,1642612330.5431437,97.66343258519717,0.009102208109198495,97.21492988675132,-14.530990825215842,45.113157383694364,-0.0023522081091984937,,,
139,1642612330.545729,97.6504583355949,0.007102259436076744,97.19467437387978,-14.52952988473876,45.11157244698893,-0.0023522594360767435,,,
140,1642612330.5497978,97.63003792208278,-0.006772689237045,97.1768610571234,-14.52882237291205,45.11308383697164,-0.0023523107629549937,,,
141,1642612330.5538611,97.60964502934357,-0.009897637910166767,97.15984519215972,-14.529596594184115,45.11529258895572,-0.0023523620898332435,,,
142,1642612330.5571084,97.59334794554917,-0.005397586583288513,97.13961459965671,-14.531726978805953,45.11649711170986,-0.0023524134167114937,,,
143,1642612330.561698,97.57046150074727,0.005352464743589743,97.11932111289029,-14.489684532064858,45.115302658323166,-0.0023524647435897435,,,
144,1642612330.5649514,97.55428028283062,0.010102516070467993,97.10151290286461,-14.430830829015147,45.11304818583009,-0.0023525160704679932,,,
145,1642612330.5690143,97.53407332588222,-0.0020224326026537743,97.08039420522367,-14.430252940338246,45.1134995108901,-0.0023525673973462434,,,
146,1642612330.5722737,97.51786246334824,-0.009022381275775503,97.06411008100442,-14.43082235840151,45.11551294103625,-0.002352618724224493,,,
147,1642612330.5768156,97.4952732649522,-0.004522329948897249,97.04372863788674,-14.433037907714972,45.116522141952466,-0.0023526700511027434,,,
148,1642612330.5800745,97.47906477398762,0.0029777213779809933,97.02126926022127,-14.43438052431126,45.11585763512151,-0.002352721377980993,,,
149,1642612330.5841448,97.45882105771373,0.010352772704859244,97.00825319292451,-14.433553264347562,45.1135473154816,-0.0023527727048592434,,,
150,1642612330.587382,97.44272047315619,0.0018528240317374927,96.98788130902271,-14.432576367241333,45.11313384018644,-0.002352824031737493,,,
151,1642612330.5918324,97.42051655939635,-0.006522124641384251,96.96729792746997,-14.398051259331645,45.114589314297824,-0.002352875358615743,,,
152,1642612330.5952258,97.40348131425401,-0.006522073314506001,96.94527481596229,-14.334072804574902,45.11604477695512,-0.002352926685493993,,,
153,1642612330.5992908,97.38307444783956,-0.0017720219876277469,96.932271496948,-14.335901549508188,45.11644022050606,-0.002352978012372243,,,
154,1642612330.6025367,97.36678007368319,0.008728029339250494,96.91170827663208,-14.335476364165556,45.114492477792574,-0.002353029339250493,,,
155,1642612330.6069791,97.3444785404339,0.006603080666128743,96.89121484372272,-14.33438243745265,45.11301893757472,-0.002353080666128743,,,
156,1642612330.6103933,97.32733916641308,-0.005896868006993014,96.87480517732901,-14.334130652491258,45.11433487972461,-0.002353131993006993,,,
157,1642612330.6144662,97.30689280283784,-0.006771816680114751,96.85192694028471,-14.335786058078895,45.11584607498794,-0.002353183319885243,,,
158,1642612330.6177084,97.29061638193637,-0.0022717653532364976,96.83548598988116,-14.338481754019348,45.11635304102134,-0.0023532346467634926,,,
159,1642612330.622946,97.2643873247938,0.007478285973641743,96.8149396148013,-14.339096899741795,45.11468419041964,-0.002353285973641743,,,
160,1642612330.6255317,97.2515177344785,0.010603337300519993,96.79831457003213,-14.436664255832426,45.112317954908406,-0.0023533373005199926,,,
161,1642612330.628819,97.23515573251747,-0.0026466113726017616,96.7731713373827,-14.674860321955027,45.112908571394215,-0.002353388627398243,,,
162,1642612330.6328826,97.21492988675132,-0.007271560045723502,96.75952630356997,-14.675743474606286,45.11453128914002,-0.0023534399542764926,,,
163,1642612330.6369522,97.19467437387978,-0.0035215087188452767,96.73950136121053,-14.678350507160687,45.11531714728519,-0.0023534912811547424,,,
164,1642612330.640531,97.1768610571234,0.0038535426080329926,96.72352749031818,-14.679512541874974,45.114457192621416,-0.0023535426080329926,,,
165,1642612330.6439497,97.15984519215972,0.010603593934911244,96.70165217463045,-14.678545101128037,45.11209089983977,-0.0023535939349112424,,,
166,1642612330.6480143,97.13961459965671,0.0013536452617894917,96.6848765536683,-14.677881883044,45.1117888210322,-0.0023536452617894926,,,
167,1642612330.6520915,97.11932111289029,-0.006146303411332266,96.66484573337578,-14.678511577523178,45.11316042706363,-0.0023536965886677423,,,
168,1642612330.655659,97.10151290286461,-0.0028962520844539844,96.64887774041651,-14.597666960327585,45.11380675324731,-0.0023537479155459925,,,
169,1642612330.6598728,97.08039420522367,0.0028537992424242423,96.62708770608495,-14.441817573796849,45.113169900818875,-0.0023537992424242423,,,
170,1642612330.663122,97.06411008100442,0.011103850569302492,96.61005633234885,-14.441489453969925,45.110691971013956,-0.002353850569302492,,,
171,1642612330.6671886,97.04372863788674,0.006728901896180743,96.58966984133596,-14.440887074863937,45.1091903525926,-0.0023539018961807423,,,
172,1642612330.67167,97.02126926022127,-0.004146046776941014,96.57342256340806,-14.441257116012292,45.11011558234214,-0.002353953223058992,,,
173,1642612330.674267,97.00825319292451,-0.004895995450062764,96.5474230938658,-14.443048382058409,45.111208170266906,-0.0023540045499372423,,,
174,1642612330.6783319,96.98788130902271,-0.0007709441231844969,96.5344663887427,-14.445737267554108,45.11138021377639,-0.002354055876815492,,,
175,1642612330.6824389,96.96729792746997,0.007854107203693741,96.51405479710179,-14.44608240582966,45.10962749509474,-0.0023541072036937422,,,
176,1642612330.6868227,96.94527481596229,0.009229158530571992,96.49368982091289,-14.445405277164593,45.107567920638616,-0.002354158530571992,,,
177,1642612330.6893992,96.932271496948,-0.002145790142549762,96.47740309914099,-14.449631282585859,45.10804677410626,-0.002354209857450242,,,
178,1642612330.6934738,96.91170827663208,-0.0055207388156715016,96.45951768845859,-14.456818289139171,45.109278779451714,-0.002354261184328492,,,
179,1642612330.6975346,96.89121484372272,-0.0012706874887932476,96.43837289648967,-14.459559040759812,45.10956234544367,-0.0023543125112067418,,,
180,1642612330.700786,96.87480517732901,0.008354363838084992,96.41802597612642,-14.46090252858739,45.107697989738746,-0.002354363838084992,,,
181,1642612330.7053194,96.85192694028471,0.013604415164963241,96.4016110817001,-14.46052438545475,45.10466203517458,-0.0023544151649632417,,,
182,1642612330.7085772,96.83548598988116,0.0031044664918414913,96.38380349521957,-14.460645279010652,45.10396924396665,-0.0023544664918414915,,,
183,1642612330.7126484,96.8149396148013,-0.004770482181280251,96.36260495441493,-14.462088602862485,45.105033822412395,-0.0023545178187197417,,,
184,1642612330.7159426,96.79831457003213,-0.0022704308544019987,96.34225206195882,-14.46517872422204,45.10554049063969,-0.0023545691455979915,,,
185,1642612330.720959,96.7731713373827,0.004354620472476242,96.32583000102107,-14.476284329022961,45.10456871568735,-0.0023546204724762417,,,
186,1642612330.7237263,96.75952630356997,0.012854671799354492,96.30788309923688,-14.488568106631737,45.10170007348208,-0.0023546717993544915,,,
187,1642612330.7277875,96.73950136121053,0.005729723126232742,96.28676137360937,-14.488414358434001,45.10042143130117,-0.0023547231262327417,,,
188,1642612330.7310271,96.72352749031818,-0.0047702255468890006,96.26639339900368,-14.489010273928482,45.10148595247651,-0.0023547744531109915,,,
189,1642612330.7354636,96.70165217463045,-0.00327017422001075,96.25019967847457,-14.491255437209352,45.10221572293915,-0.0023548257799892412,,,
190,1642612330.7388659,96.6848765536683,0.0031048771068674912,96.2278698044529,-14.494225275729159,45.10152284009858,-0.0023548771068674914,,,
191,1642612330.7429283,96.66484573337578,0.013229928433745743,96.21075655538293,-14.49517106025335,45.09857045580826,-0.002354928433745741,,,
192,1642612330.7461667,96.64887774041651,0.01185497976062399,96.19450320265273,-14.49521727094841,45.095924904384255,-0.0023549797606239914,,,
193,1642612330.7505608,96.62708770608495,-0.0016449689124977624,96.17420201611226,-14.500057890238969,45.096291994833734,-0.002355031087502241,,,
194,1642612330.753958,96.61005633234885,-0.0030199175856195273,96.1481504175645,-14.51278298944233,45.096965918149536,-0.0023550824143804914,,,
195,1642612330.7580245,96.58966984133596,0.0018551337412587407,96.13526993585153,-14.516181159879698,45.09655192742074,-0.002355133741258741,,,
196,1642612330.7612653,96.57342256340806,0.00898018506813699,96.11495973589214,-14.517428132993889,45.094547913759435,-0.002355185068136991,,,
197,1642612330.7664514,96.5474230938658,0.01348023639501524,96.09875041633754,-14.517024189623609,45.09153967086819,-0.002355236395015241,,,
198,1642612330.7690358,96.5344663887427,0.0017302877218935042,96.07841281363287,-14.51689541097722,45.091153540715375,-0.002355287721893491,,,
199,1642612330.7731073,96.51405479710179,-0.0033946609512282362,96.0598921320837,-14.518067372777589,45.091911091575426,-0.002355339048771741,,,
200,1642612330.7771695,96.49368982091289,-0.0005196096243500255,96.04281903034041,-14.521465594564528,45.092027047402375,-0.002355390375649991,,,
201,1642612330.7804182,96.47740309914099,0.00623044170252824,96.02251478749957,-14.52401334919955,45.09063666511146,-0.0023554417025282407,,,
202,1642612330.7839868,96.45951768845859,0.013730493029406491,96.00219743899794,-14.523122408165792,45.087572575073374,-0.002355493029406491,,,
203,1642612330.7882075,96.43837289648967,0.006730544356284741,95.98019235112311,-14.520954333549811,45.08607059012143,-0.0023555443562847406,,,
204,1642612330.792269,96.41802597612642,-0.0018944043168369852,95.96699165428407,-14.522451155370073,45.08649334445246,-0.002355595683162991,,,
205,1642612330.7955456,96.4016110817001,0.0006056470100412668,95.9466596971864,-14.525648517551424,45.08635818856504,-0.0023556470100412406,,,
206,1642612330.7991002,96.38380349521957,0.007230698336919491,95.92637660066204,-14.52872085102002,45.08474458949798,-0.002355698336919491,,,
207,1642612330.8033316,96.36260495441493,0.015480749663797741,95.9044155605474,-14.52941745420156,45.081289913054434,-0.0023557496637977406,,,
208,1642612330.8073943,96.34225206195882,0.010480800990675991,95.89151279403335,-14.52943885716771,45.07895102268554,-0.0023558009906759904,,,
209,1642612330.8106723,96.32583000102107,-0.0011441476824457625,95.8707959109558,-14.530285527665233,45.079206350116856,-0.0023558523175542406,,,
210,1642612330.814257,96.30788309923688,-0.0007690963555674986,95.85049493861194,-14.532657683935295,45.079377981279436,-0.0023559036444324903,,,
211,1642612330.8184793,96.28676137360937,0.0029809549713107407,95.83426131106465,-14.515293144119838,45.07871275284138,-0.0023559549713107406,,,
212,1642612330.822551,96.26639339900368,0.01123100629818899,95.81605654206675,-14.487397170050233,45.076206447026856,-0.0023560062981889903,,,
213,1642612330.8257883,96.25019967847457,0.01485605762506724,95.79381086042618,-14.487867126340099,45.072891176549916,-0.00235605762506724,,,
214,1642612330.8302522,96.2278698044529,0.004731108951945491,95.777544557788,-14.488860432150755,45.07183538461457,-0.0023561089519454903,,,
215,1642612330.8336732,96.21075655538293,0.00023116027882375207,95.75714172075597,-14.490975189490497,45.071783799001004,-0.00235616027882374,,,
216,1642612330.8369224,96.19450320265273,0.0028562116057019903,95.73915574871671,-14.494610133025182,45.071146408230774,-0.0023562116057019903,,,
217,1642612330.8409808,96.17420201611226,0.01073126293258024,95.71782132443609,-14.497148566433122,45.06875162489871,-0.00235626293258024,,,
218,1642612330.8461902,96.1481504175645,0.01698131425945849,95.70152751665451,-14.497568732072683,45.064962083201664,-0.0023563142594584903,,,
219,1642612330.8487678,96.13526993585153,0.0062313655863367404,95.6811653393997,-14.535265951187345,45.063571494737296,-0.00235636558633674,,,
220,1642612330.852832,96.11495973589214,-0.002018583086785028,95.65906359397441,-14.609343018334888,45.06402196074125,-0.00235641691321499,,,
221,1642612330.8560758,96.09875041633754,-0.0006435317599067627,95.64215366770871,-14.613131012903201,45.06416557097072,-0.00235646824009324,,,
222,1642612330.8601456,96.07841281363287,0.00585651956697149,95.62601286000974,-14.616617708133669,45.062858632958765,-0.00235651956697149,,,
223,1642612330.8638518,96.0598921320837,0.016981570893849742,95.60580925469672,-14.617618608901376,45.059069033991314,-0.00235657089384974,,,
224,1642612330.8672683,96.04281903034041,0.01273162222072799,95.58391192686098,-14.618242882904783,45.056227851469195,-0.0023566222207279898,,,
225,1642612330.8713315,96.02251478749957,0.0017316735476062533,95.56689043092665,-14.619720877953178,45.0558414120562,-0.00235667354760624,,,
226,1642612330.8753972,96.00219743899794,0.0011067248744845164,95.55076267925274,-14.622404121963752,45.05559443588022,-0.0023567248744844897,,,
227,1642612330.8798003,95.98019235112311,0.00748177620136274,95.53055432629425,-14.589775523900247,45.05392480640102,-0.0023567762013627395,,,
228,1642612330.8824413,95.96699165428407,0.01598182752824099,95.50861945198368,-14.522194729362463,45.05035830966891,-0.0023568275282409897,,,
229,1642612330.886509,95.9466596971864,0.01535687885511924,95.49156553974014,-14.522764708678505,45.04693127617381,-0.0023568788551192395,,,
230,1642612330.8905668,95.92637660066204,0.00348193018199749,95.47526360161515,-14.524107484778824,45.04615425035535,-0.0023569301819974897,,,
231,1642612330.8949604,95.9044155605474,0.00010698150887576523,95.45490650258375,-14.526945987015186,45.0461303764147,-0.0023569815088757395,,,
232,1642612330.8975418,95.89151279403335,0.004232032835753989,95.42889345831406,-14.531379929778616,45.04518595805878,-0.0023570328357539892,,,
233,1642612330.9016864,95.8707959109558,0.01185708416263224,95.41583493160981,-14.534318166896503,45.042539937017466,-0.0023570841626322394,,,
234,1642612330.905748,95.85049493861194,0.01798213548951049,95.39958320479323,-14.535262126347373,45.03852705254938,-0.0023571354895104892,,,
235,1642612330.9089956,95.83426131106465,0.00823218681638874,95.37923566982056,-14.536430453448299,45.03668996180823,-0.0023571868163887394,,,
236,1642612330.9126325,95.81605654206675,0.002357238143266989,95.35657721915447,-14.556324196526953,45.036163921709246,-0.002357238143266989,,,
237,1642612330.9170675,95.79381086042618,0.00498228947014524,95.34262826374211,-14.575518393240847,45.03505207645361,-0.0023572894701452394,,,
238,1642612330.9203105,95.777544557788,0.010607340797023489,95.32113606810572,-14.579387743751635,45.032684947524075,-0.002357340797023489,,,
239,1642612330.9243782,95.75714172075597,0.01823239212390174,95.30489704316432,-14.58063370036243,45.028616215909146,-0.002357392123901739,,,
240,1642612330.927964,95.73915574871671,0.01273244345077999,95.28451297549695,-14.58133000159899,45.025774850121735,-0.002357443450779989,,,
241,1642612330.9322174,95.71782132443609,0.0021074947776582665,95.26625212395973,-14.583275553165029,45.02530454262879,-0.002357494777658239,,,
242,1642612330.9354658,95.70152751665451,0.002732546104536489,95.24511300246631,-14.586945066315046,45.024694748990676,-0.002357546104536489,,,
243,1642612330.9395254,95.6811653393997,0.008607597431414739,95.2288381929834,-14.590989361738684,45.02277388180222,-0.002357597431414739,,,
244,1642612330.943943,95.65906359397441,0.01885764875829299,95.20832768660267,-14.610554108378315,45.0185656182258,-0.002357648758292989,,,
245,1642612330.9473398,95.64215366770871,0.01735770008517124,95.1862850452923,-14.64578412569891,45.01469208245392,-0.002357700085171239,,,
246,1642612330.950582,95.62601286000974,0.004982751412049489,95.1692313774892,-14.647485934792524,45.01358013411155,-0.0023577514120494887,,,
247,1642612330.9546404,95.60580925469672,0.003107802738927739,95.15306795203239,-14.650416380335924,45.01288659838838,-0.002357802738927739,,,
248,1642612330.959039,95.58391192686098,0.007357854065805989,95.1328396015765,-14.65452531433151,45.011244623311704,-0.0023578540658059886,,,
249,1642612330.9624581,95.56689043092665,0.013357905392684239,95.10674801281057,-14.65682893037701,45.00826367974648,-0.002357905392684239,,,
250,1642612330.9656978,95.55076267925274,0.017357956719562487,95.09386505314247,-14.65765319055472,45.00439008670419,-0.0023579567195624886,,,
251,1642612330.969757,95.53055432629425,0.0073580080464407385,95.07769687338741,-14.659154459101064,45.002748077265274,-0.0023580080464407384,,,
252,1642612330.9741523,95.50861945198368,0.0028580593733189886,95.05738888843594,-14.661859290091375,45.00211027414813,-0.0023580593733189886,,,
253,1642612330.9775534,95.49156553974014,0.006733110700197239,95.03709992067743,-14.640161382197391,45.00060771649215,-0.0023581107001972384,,,
254,1642612330.9808044,95.47526360161515,0.014233162027075488,95.01913735449037,-14.607686567461696,44.997431451088985,-0.0023581620270754886,,,
255,1642612330.9848642,95.45490650258375,0.02223321335395374,95.00210593342459,-14.609056718653706,44.99246989818578,-0.0023582133539537383,,,
256,1642612330.990052,95.42889345831406,0.014733264680831989,94.98176944508494,-14.610551722664995,44.98918203012159,-0.0023582646808319885,,,
257,1642612330.9926562,95.41583493160981,0.004733316007710238,94.96139237448189,-14.61317032023859,44.988125745660774,-0.0023583160077102383,,,
258,1642612330.9958973,95.39958320479323,0.005858367334588489,94.93949108180996,-14.6174118816931,44.98681839530191,-0.002358367334588488,,,
259,1642612330.9999552,95.37923566982056,0.01110841866146674,94.92653817821434,-14.621803264535233,44.9843394460838,-0.0023584186614667383,,,
260,1642612331.004474,95.35657721915447,0.020483469988344986,94.9061945282988,-14.6238226484308,44.97976836504525,-0.002358469988344988,,,
261,1642612331.0072591,95.34262826374211,0.01935852131522324,94.88587236311092,-14.626280861496221,44.975448326996585,-0.0023585213152232383,,,
262,1642612331.011555,95.32113606810572,0.006233572642101488,94.86381661374311,-14.63026530951394,44.974057246006744,-0.002358572642101488,,,
263,1642612331.0148008,95.30489704316432,0.003483623968979738,94.85090159343659,-14.633334178492603,44.973279842203624,-0.002358623968979738,,,
264,1642612331.0188751,95.28451297549695,0.009733675295857988,94.83053564577222,-14.637576875110797,44.97110768003551,-0.002358675295857988,,,
265,1642612331.022525,95.26625212395973,0.018358726622736236,94.81021742986543,-14.640021393664117,44.96701075567626,-0.002358726622736238,,,
266,1642612331.0267503,95.24511300246631,0.02023377794961449,94.78020489399466,-14.641466928980279,44.96249539578967,-0.002358777949614488,,,
267,1642612331.0300033,95.2288381929834,0.008858829276492739,94.77004638268825,-14.64363674481623,44.96051846382684,-0.0023588292764927378,,,
268,1642612331.034103,95.20832768660267,0.004608880603370988,94.75372808806645,-14.64665571539965,44.95948994830935,-0.002358880603370988,,,
269,1642612331.0385141,95.1862850452923,0.008483931930249239,94.73750764354769,-14.65097338780701,44.95759667825302,-0.0023589319302492378,,,
270,1642612331.041935,95.1692313774892,0.014608983257127488,94.71712379647424,-14.692665363393875,44.95433654476991,-0.0023589832571274875,,,
271,1642612331.0451772,95.15306795203239,0.020484034584005738,94.69903109001568,-14.748402075555397,44.94976533773647,-0.0023590345840057377,,,
272,1642612331.0492349,95.1328396015765,0.011484085910883988,94.67799940676417,-14.749806599695383,44.94720255480066,-0.0023590859108839875,,,
273,1642612331.0544686,95.10674801281057,0.0041091372377622375,94.66181744919902,-14.752191348012435,44.94628556176564,-0.0023591372377622377,,,
274,1642612331.0570529,95.09386505314247,0.007484188564640488,94.64157666253254,-14.756335464923668,44.944615393944645,-0.0023591885646404875,,,
275,1642612331.060296,95.07769687338741,0.013484239891518738,94.62384967010937,-14.760127720498172,44.9416062576351,-0.0023592398915187377,,,
276,1642612331.0643697,95.05738888843594,0.020984291218396987,94.60280020057785,-14.7617082217231,44.936923413578384,-0.0023592912183969875,,,
277,1642612331.0684395,95.03709992067743,0.016609342545275237,94.58667397335675,-14.762861460571736,44.93321688090522,-0.0023593425452752372,,,
278,1642612331.0720363,95.01913735449037,0.006859393872153488,94.56643200093829,-14.726344006206208,44.931686141959,-0.0023593938721534874,,,
279,1642612331.0754383,95.00210593342459,0.007484445199031737,94.54450957012698,-14.6567545459725,44.9300159168676,-0.0023594451990317372,,,
280,1642612331.0795004,94.98176944508494,0.013109496525909987,94.52743719864368,-14.660967146146549,44.92709040810231,-0.0023594965259099874,,,
281,1642612331.0835707,94.96139237448189,0.021234547852788235,94.51113068832078,-14.663059555646402,44.92235171689875,-0.002359547852788237,,,
282,1642612331.0879455,94.93949108180996,0.021984599179666487,94.4907798097796,-14.664079403152275,44.9174456446118,-0.002359599179666487,,,
283,1642612331.0905328,94.92653817821434,0.010109650506544738,94.46840853931607,-14.665623075251837,44.9151895800015,-0.002359650506544737,,,
284,1642612331.0945964,94.9061945282988,0.005984701833422987,94.45135886886561,-14.668613482922353,44.91385403689832,-0.002359701833422987,,,
285,1642612331.0986557,94.88587236311092,0.007734753160301238,94.43508103353155,-14.672950852014033,44.91212795320601,-0.002359753160301237,,,
286,1642612331.1030617,94.86381661374311,0.015359804487179489,94.41466324668306,-14.672252997829066,44.9087002668283,-0.002359804487179487,,,
287,1642612331.105642,94.85090159343659,0.021234855814057735,94.38852424881244,-14.664538415994958,44.90396150690026,-0.002359855814057737,,,
288,1642612331.1097112,94.83053564577222,0.012234907140935987,94.37530444063582,-14.666006042951855,44.901231171069846,-0.002359907140935987,,,
289,1642612331.1137707,94.81021742986543,0.007234958467814237,94.35903289564628,-14.668645016313224,44.899616621314074,-0.0023599584678142367,,,
290,1642612331.1197672,94.78020489399466,0.010860009794692487,94.33866924902124,-14.672903932937308,44.897193106895905,-0.002360009794692487,,,
291,1642612331.1217968,94.77004638268825,0.015110061121570737,94.31821352413029,-14.676589652729636,44.89382115312423,-0.0023600611215707367,,,
292,1642612331.1250572,94.75372808806645,0.021610112448448987,94.30023195420247,-14.678007476524698,44.88899865111113,-0.002360112448448987,,,
293,1642612331.128298,94.73750764354769,0.015110163775327238,94.28314725050103,-14.679176090086205,44.88562667443129,-0.0023601637753272366,,,
294,1642612331.1323707,94.71712379647424,0.0059852151022054875,94.26272142115097,-14.681117297307111,44.8842910167873,-0.002360215102205487,,,
295,1642612331.1359951,94.69903109001568,0.006985266429083736,94.242101868696,-14.718261761214757,44.88273218818349,-0.0023602664290837366,,,
296,1642612331.140224,94.67799940676417,0.011860317755961986,94.22426408548961,-14.76884340102855,44.88008544553508,-0.0023603177559619864,,,
297,1642612331.1434777,94.66181744919902,0.020610369082840235,94.20728043121265,-14.770945580436713,44.87548604575732,-0.0023603690828402366,,,
298,1642612331.1475475,94.64157666253254,0.018860420409718488,94.18702492589117,-14.77219579661859,44.87127716366054,-0.0023604204097184864,,,
299,1642612331.1511118,94.62384967010937,0.007860471736596736,94.1667147113192,-14.774072474201283,44.86952302467287,-0.0023604717365967366,,,
300,1642612331.1553442,94.60280020057785,0.005735523063474987,94.14889852496984,-14.77737747061993,44.86824308818083,-0.0023605230634749863,,,
301,1642612331.1585867,94.58667397335675,0.009860574390353236,94.13193271066586,-14.781835147352126,44.86604260727351,-0.002360574390353236,,,
302,1642612331.1626568,94.56643200093829,0.018110625717231488,94.11164628272454,-14.784563829327492,44.86200104898972,-0.0023606257172314863,,,
303,1642612331.1670532,94.54450957012698,0.021110677044109735,94.09138602007692,-14.768997839113156,44.8572900007346,-0.002360677044109736,,,
304,1642612331.17046,94.52743719864368,0.010485728370987987,94.06909162052119,-14.737937398662536,44.85495001077395,-0.0023607283709879863,,,
305,1642612331.173714,94.51113068832078,0.005110779697866236,94.05615463808756,-14.740956636005757,44.8538094917026,-0.002360779697866236,,,
306,1642612331.177775,94.4907798097796,0.007735831024744486,94.03579628366292,-14.745624161347244,44.85208316747459,-0.0023608310247444863,,,
307,1642612331.182239,94.46840853931607,0.014985882351622737,94.01540451576089,-14.74926776683679,44.84873892537584,-0.002360882351622736,,,
308,1642612331.1856413,94.45135886886561,0.021735933678500987,93.99915005236006,-14.750713678891405,44.84388834515923,-0.002360933678500986,,,
309,1642612331.1888895,94.43508103353155,0.014860985005379237,93.98117837489025,-14.752184575086035,44.84057197509053,-0.002360985005379236,,,
310,1642612331.1929638,94.41466324668306,0.006361036332257486,93.95999184356226,-14.754554542165176,44.8391524493666,-0.002361036332257486,,,
311,1642612331.1981785,94.38852424881244,0.007361087659135736,93.93965258255326,-14.758522849425367,44.837509752682834,-0.002361087659135736,,,
312,1642612331.2008142,94.37530444063582,0.013236138986013987,93.9234100525372,-14.7830468262063,44.83455598244874,-0.0023611389860139858,,,
313,1642612331.2040584,94.35903289564628,0.021361190312892235,93.90147351134416,-14.823947640363428,44.82978902977638,-0.0023611903128922355,,,
314,1642612331.2081184,94.33866924902124,0.018486241639770487,93.8845570250149,-14.825324227836607,44.82566364922895,-0.0023612416397704858,,,
315,1642612331.2121968,94.31821352413029,0.007111292966648735,93.86430193051456,-14.827478142467053,44.8240766966053,-0.0023612929666487355,,,
316,1642612331.215782,94.30023195420247,0.005861344293526986,93.84815324086685,-14.830935953756818,44.82276868190976,-0.0023613442935269857,,,
317,1642612331.2191882,94.28314725050103,0.009736395620405236,93.82628410937957,-14.835196166930102,44.820595912675365,-0.0023613956204052355,,,
318,1642612331.2232606,94.26272142115097,0.017236446947283487,93.80927253986992,-14.838077279835373,44.8167494356938,-0.0023614469472834857,,,
319,1642612331.2273717,94.242101868696,0.020736498274161734,93.7890245766081,-14.839880189345557,44.812121888988045,-0.0023614982741617355,,,
320,1642612331.2309363,94.22426408548961,0.010486549601039986,93.77287707550016,-14.823230267097701,44.8097817157621,-0.0023615496010399853,,,
321,1642612331.234341,94.20728043121265,0.0062366009279182354,93.75106112533153,-14.790820837516456,44.80838995898149,-0.0023616009279182355,,,
322,1642612331.2384014,94.18702492589117,0.009361652254796486,93.73404078932312,-14.795640130165221,44.80630081729135,-0.0023616522547964852,,,
323,1642612331.242473,94.1667147113192,0.016486703581674735,93.71366243215799,-14.799310213795168,44.80262165266869,-0.0023617035816747354,,,
324,1642612331.2460444,94.14889852496984,0.022236754908552987,93.69745446290186,-14.801131563582167,44.79765930943392,-0.002361754908552985,,,
325,1642612331.2494454,94.13193271066586,0.013611806235431234,93.67098037283773,-14.803027872716237,44.794621705482115,-0.0023618062354312354,,,
326,1642612331.2535121,94.11164628272454,0.006236857562309486,93.65803737832614,-14.80582358112109,44.7932298914311,-0.002361857562309485,,,
327,1642612331.2575736,94.09138602007692,0.008861908889187736,93.63767452889638,-14.810068315432588,44.79125227222343,-0.002361908889187735,,,
328,1642612331.2620378,94.06909162052119,0.015111960216065985,93.62125183715067,-14.813913331539887,44.78787989465077,-0.002361960216065985,,,
329,1642612331.2646224,94.05615463808756,0.023362011542944237,93.60090688126171,-14.793097421235565,44.78266643970162,-0.002362011542944235,,,
330,1642612331.2686899,94.03579628366292,0.018237062869822487,93.58308748050776,-14.764097720608058,44.77859666576534,-0.002362062869822485,,,
331,1642612331.272764,94.01540451576089,0.007237114196700735,93.56189950946084,-14.766410479520587,44.77698163493818,-0.002362114196700735,,,
332,1642612331.2760115,93.99915005236006,0.007362165523578984,93.54562363272998,-14.770191961660798,44.77533869771872,-0.0023621655235789847,,,
333,1642612331.279602,93.98117837489025,0.011862216850457234,93.52519228942077,-14.774770044108175,44.77269153126933,-0.002362216850457235,,,
334,1642612331.283835,93.95999184356226,0.019862268177335485,93.50305494211437,-14.7774811287428,44.76825907731989,-0.0023622681773354847,,,
335,1642612331.2878985,93.93965258255326,0.020237319504213737,93.48594222552806,-14.779420526929872,44.76374292710172,-0.002362319504213735,,,
336,1642612331.2911437,93.9234100525372,0.008862370831091985,93.46965317964354,-14.781633763184614,44.76176520480732,-0.0023623708310919846,,,
337,1642612331.2955325,93.90147351134416,0.006862422157970236,93.4492625409911,-14.815663353712457,44.76023379007033,-0.002362422157970235,,,
338,1642612331.2989259,93.8845570250149,0.010737473484848485,93.42732514075115,-14.879184378107706,44.7578376207945,-0.0023624734848484846,,,
339,1642612331.302989,93.86430193051456,0.017237524811726735,93.4103072177781,-14.882462926506106,44.753990903277234,-0.0023625248117267344,,,
340,1642612331.3062284,93.84815324086685,0.021237576138604983,93.39413656151065,-14.884213779150516,44.74925153628291,-0.0023625761386049846,,,
341,1642612331.3106153,93.82628410937957,0.014362627465483235,93.37387712939989,-14.886014730787547,44.74604637943651,-0.0023626274654832344,,,
342,1642612331.3140278,93.80927253986992,0.008987678792361484,93.34751666301999,-14.888917644598893,44.744040693479405,-0.0023626787923614846,,,
343,1642612331.3180895,93.7890245766081,0.010737730119239735,93.33458870587158,-14.893348274764861,44.74164446693317,-0.0023627301192397344,,,
344,1642612331.3213286,93.77287707550016,0.015362781446117985,93.31837759023898,-14.897303072343206,44.73821611621877,-0.0023627814461179846,,,
345,1642612331.3256993,93.75106112533153,0.024112832772996237,93.29811220822158,-14.899179198193753,44.73283510837503,-0.0023628327729962343,,,
346,1642612331.329101,93.73404078932312,0.018362884099874483,93.27781945663362,-14.878835528346697,44.728737256235235,-0.002362884099874484,,,
347,1642612331.333174,93.71366243215799,0.009112935426752735,93.25993482810493,-14.85117997920476,44.72670361806951,-0.0023629354267527343,,,
348,1642612331.3364134,93.69745446290186,0.009487986753630984,93.24289390530761,-14.855245700592292,44.72458628363505,-0.002362986753630984,,,
349,1642612331.3417046,93.67098037283773,0.013988038080509234,93.22249734179125,-14.859560995691998,44.721464719970655,-0.0023630380805092343,,,
350,1642612331.3442914,93.65803737832614,0.021238089407387483,93.20212346766056,-14.861680142711801,44.71672523843552,-0.002363089407387484,,,
351,1642612331.3483613,93.63767452889638,0.019238140734265736,93.18413078484436,-14.863075565976272,44.7124320644578,-0.002363140734265734,,,
352,1642612331.3516436,93.62125183715067,0.009238192061143985,93.16670772502565,-14.865119864462807,44.710370474083454,-0.002363192061143984,,,
353,1642612331.3557098,93.60090688126171,0.007363243388022234,93.14635654028059,-14.868686510199767,44.7087272963283,-0.002363243388022234,,,
354,1642612331.3592658,93.58308748050776,0.011613294714900484,93.12585250072698,-14.898788440206221,44.70613567921964,-0.002363294714900484,,,
355,1642612331.3634853,93.56189950946084,0.018988346041778736,93.10793589883413,-14.936914366229189,44.70189824930203,-0.002363346041778734,,,
356,1642612331.3667266,93.54562363272998,0.022988397368656984,93.09101037733005,-14.938365631143942,44.696768169907365,-0.002363397368656984,,,
357,1642612331.3707955,93.52519228942077,0.013613448695535234,93.07069642136842,-14.940443352126119,44.69373019942498,-0.0023634486955352338,,,
358,1642612331.375204,93.50305494211437,0.009738500022413485,93.05043003907416,-14.94339810746439,44.69155696057327,-0.0023635000224134835,,,
359,1642612331.378612,93.48594222552806,0.011113551349291734,93.02809658093321,-14.947605764631392,44.68907686594709,-0.0023635513492917338,,,
360,1642612331.381856,93.46965317964354,0.016863602676169983,93.01510302303622,-14.950936408000631,44.68531359270879,-0.0023636026761699835,,,
361,1642612331.3859167,93.4492625409911,0.022738654003048236,92.99479858180807,-14.952487955692453,44.68023924592015,-0.0023636540030482337,,,
362,1642612331.3902946,93.42732514075115,0.016363705329926485,92.97863780700675,-14.954164802829597,44.67658752952656,-0.0023637053299264835,,,
363,1642612331.3937042,93.4103072177781,0.008738756656804734,92.95829649618639,-14.971739703193643,44.67463739291019,-0.0023637566568047337,,,
364,1642612331.396944,93.39413656151065,0.008988807983682984,92.94050617095156,-14.99606723840494,44.67263145496331,-0.0023638079836829835,,,
365,1642612331.4010031,93.37387712939989,0.014488859310561233,92.91953022262707,-15.000309950142304,44.669398128280754,-0.0023638593105612333,,,
366,1642612331.4062846,93.34751666301999,0.022113910637439484,92.90339186573368,-15.00269404043653,44.6644631989128,-0.0023639106374394835,,,
367,1642612331.4088748,93.33458870587158,0.019738961964317736,92.8831492094142,-15.004701391360358,44.660058261916916,-0.0023639619643177332,,,
368,1642612331.4121227,93.31837759023898,0.009364013291195983,92.86511710811952,-15.007311552090203,44.657968593339056,-0.0023640132911959834,,,
369,1642612331.416183,93.29811220822158,0.008989064618074232,92.84406047394334,-15.011051972164584,44.65596259812177,-0.002364064618074233,,,
370,1642612331.4202487,93.27781945663362,0.012864115944952483,92.82793042294644,-15.015746835093314,44.65309184836564,-0.002364115944952483,,,
371,1642612331.4238267,93.25993482810493,0.020364167271830734,92.80765335648432,-14.970017398529633,44.64854739086234,-0.002364167271830733,,,
372,1642612331.427229,93.24289390530761,0.021614218598708983,92.78969256984527,-14.90537145149814,44.64372397252278,-0.002364218598708983,,,
373,1642612331.431301,93.22249734179125,0.010614269925587234,92.76855873537438,-14.907363529245531,44.641355297292336,-0.002364269925587233,,,
374,1642612331.4353688,93.20212346766056,0.006989321252465482,92.75228897098143,-14.910352608213417,44.639795563816136,-0.002364321252465483,,,
375,1642612331.438961,93.18413078484436,0.010239372579343733,92.73191679153504,-14.914862108602685,44.63751055049219,-0.002364372579343733,,,
376,1642612331.4424396,93.16670772502565,0.017864423906221984,92.7014864612785,-14.91829985396671,44.633523934482845,-0.002364423906221983,,,
377,1642612331.4465027,93.14635654028059,0.023114475233100232,92.6917045150377,-14.920242123106181,44.62836571961426,-0.0023644752331002327,,,
378,1642612331.4505963,93.12585250072698,0.015614526559978482,92.67533072554721,-14.92223425203643,44.624881189584684,-0.002364526559978483,,,
379,1642612331.4541795,93.10793589883413,0.007239577886856733,92.65495735041004,-14.925198457380848,44.623265608961646,-0.0023645778868567327,,,
380,1642612331.4575725,93.09101037733005,0.010364629213734983,92.63866965065544,-14.927371101456657,44.62095264342908,-0.002364629213734983,,,
381,1642612331.4616446,93.07069642136842,0.014739680540613233,92.6152977238842,-14.930529561464995,44.61766334360478,-0.0023646805406132326,,,
382,1642612331.4657073,93.05043003907416,0.020989731867491482,92.59897680947894,-14.93257116520257,44.612979285415506,-0.0023647318674914824,,,
383,1642612331.4701843,93.02809658093321,0.016614783194369733,92.57861004958143,-14.934189144254546,44.60927153860978,-0.0023647831943697326,,,
384,1642612331.472789,93.01510302303622,0.007739834521247983,92.56230229045268,-14.936704242757571,44.60754432096347,-0.0023648345212479824,,,
385,1642612331.4768593,92.99479858180807,0.008364885848126233,92.53960345881117,-14.940515175896957,44.605677617171985,-0.0023648858481262326,,,
386,1642612331.480099,92.97863780700675,0.013489937175004482,92.52328015253747,-14.945223228473441,44.60266720945947,-0.0023649371750044824,,,
387,1642612331.4841766,92.95829649618639,0.020364988501882734,92.50290741296881,-14.948186912277253,44.598122568690876,-0.0023649885018827326,,,
388,1642612331.4877465,92.94050617095156,0.021115039828760982,92.48665825461723,-14.967887207205399,44.593410546838896,-0.0023650398287609824,,,
389,1642612331.4919612,92.91953022262707,0.011865091155639232,92.46462049419799,-15.004222075000154,44.590762738960976,-0.002365091155639232,,,
390,1642612331.495204,92.90339186573368,0.009990142482517481,92.44765594250279,-15.007446042343789,44.58853334370225,-0.0023651424825174823,,,
391,1642612331.4992714,92.8831492094142,0.012990193809395733,92.42728394010531,-15.011970303349385,44.58563445847221,-0.002365193809395732,,,
392,1642612331.5028946,92.86511710811952,0.018615245136273984,92.41109765539458,-15.015294313029871,44.58148028956826,-0.0023652451362739823,,,
393,1642612331.5071256,92.84406047394334,0.023365296463152233,92.38923824534531,-15.016942967779174,44.57626610155795,-0.002365296463152232,,,
394,1642612331.5103667,92.82793042294644,0.013865347790030482,92.37217715517272,-15.018941709107237,44.573171917398135,-0.0023653477900304823,,,
395,1642612331.514441,92.80765335648432,0.007865399116908731,92.35185163426435,-15.021715629667938,44.571416678818714,-0.002365399116908732,,,
396,1642612331.5180383,92.78969256984527,0.00999045044378698,92.33155352551623,-15.025264573983968,44.5691872148355,-0.002365450443786982,,,
397,1642612331.5222523,92.76855873537438,0.014990501770665233,92.3095071986944,-15.027695678540384,44.565841941869486,-0.002365501770665232,,,
398,1642612331.5254965,92.75228897098143,0.022615553097543484,92.29663967568956,-15.029719201340766,44.56079506621808,-0.002365553097543482,,,
399,1642612331.5295587,92.73191679153504,0.017240604424421734,92.27629957262752,-15.031567719181254,44.55694766145597,-0.002365604424421732,,,
400,1642612331.5356264,92.7014864612785,0.009740655751299981,92.2559368217714,-15.034041301682855,44.55477394153287,-0.002365655751299982,,,
401,1642612331.537577,92.6917045150377,0.009990707078178231,92.23970550535111,-15.038140035864272,44.552544420279254,-0.0023657070781782316,,,
402,1642612331.5408418,92.67533072554721,0.014865758405056483,92.22112954624897,-15.042738823824886,44.549226984981054,-0.0023657584050564818,,,
403,1642612331.5449042,92.65495735041004,0.02161580973193473,92.19997650657838,-15.045262441470314,44.54440321156498,-0.0023658097319347315,,,
404,1642612331.548152,92.63866965065544,0.020365861058812985,92.18377856585462,-15.04678598236541,44.53985837607702,-0.0023658610588129817,,,
405,1642612331.5528116,92.6152977238842,0.010240912385691232,92.16344203876007,-15.058934510569106,44.53757301913064,-0.0023659123856912315,,,
406,1642612331.5560653,92.59897680947894,0.008115963712569481,92.14567764964461,-15.075754756403235,44.5357618646799,-0.0023659637125694817,,,
407,1642612331.5601256,92.57861004958143,0.012616015039447731,92.1246300014425,-15.08021049022248,44.532946480999215,-0.0023660150394477315,,,
408,1642612331.5633767,92.56230229045268,0.01911606636632598,92.10843336902053,-15.083213856565914,44.52868054907711,-0.0023660663663259813,,,
409,1642612331.5679018,92.53960345881117,0.023616117693204233,92.0881664534857,-15.084589568450154,44.52341038792507,-0.0023661176932042315,,,
410,1642612331.571156,92.52328015253747,0.014866169020082483,92.07043334869569,-15.08634090555329,44.52009286099422,-0.0023661690200824812,,,
411,1642612331.5752175,92.50290741296881,0.010241220346960732,92.04849785511281,-15.089219097772318,44.517807435323355,-0.0023662203469607315,,,
412,1642612331.5784569,92.48665825461723,0.012741271673838981,92.03229884240834,-15.093574719004573,44.51496409943405,-0.0023662716738389812,,,
413,1642612331.5828555,92.46462049419799,0.01611632300071723,92.01202359588467,-15.105006798506167,44.51136758875878,-0.0023663230007172314,,,
414,1642612331.586249,92.44765594250279,0.02261637432759548,91.98988189684862,-15.122155501337398,44.50632052984208,-0.002366374327595481,,,
415,1642612331.5903244,92.42728394010531,0.016616425654473733,91.97293892423518,-15.123884504303582,44.50261241650577,-0.002366425654473731,,,
416,1642612331.5935624,92.41109765539458,0.008241476981351982,91.95677786184615,-15.126441141530794,44.500773252575996,-0.002366476981351981,,,
417,1642612331.5979352,92.38923824534531,0.00999152830823023,91.9365468260246,-15.130452400831878,44.498543548057086,-0.002366528308230231,,,
418,1642612331.6013482,92.37217715517272,0.01386657963510848,91.9105322688319,-15.134413511412426,44.49544908899934,-0.002366579635108481,,,
419,1642612331.6054142,92.35185163426435,0.02111663096198673,91.89767234109851,-15.136167635104322,44.49073671207085,-0.002366630961986731,,,
420,1642612331.6094747,92.33155352551623,0.018616682288864983,91.8815219735302,-15.137395099273423,44.48658222245265,-0.0023666822888649807,,,
421,1642612331.6138847,92.3095071986944,0.01011673361574323,91.86128261951475,-15.139600674803681,44.484324577179194,-0.002366733615743231,,,
422,1642612331.6164584,92.29663967568956,0.00924178494262148,91.84100048621653,-15.089501462836843,44.482262185019195,-0.0023667849426214807,,,
423,1642612331.6205268,92.27629957262752,0.01236683626949973,91.82316836018147,-15.021560001090323,44.47950240794966,-0.002366836269499731,,,
424,1642612331.6245997,92.2559368217714,0.02049188759637798,91.80608439775004,-15.024194926056058,44.474929448441856,-0.0023668875963779807,,,
425,1642612331.6278462,92.23970550535111,0.022991938923256232,91.78564044158519,-15.025710675488654,44.46979857871561,-0.002366938923256231,,,
426,1642612331.6315618,92.22112954624897,0.01261699025013448,91.76523602885585,-15.027475143071097,44.4669829774074,-0.0023669902501344806,,,
427,1642612331.6357927,92.19997650657838,0.007617041577012731,91.74321992155751,-15.03053290216493,44.465283162173826,-0.0023670415770127304,,,
428,1642612331.6390326,92.18377856585462,0.010992092903890981,91.73024008841891,-15.03478446956273,44.462830172154284,-0.0023670929038909806,,,
429,1642612331.6431003,92.16344203876007,0.01699214423076923,91.70978774425257,-15.037717895118032,44.45903821364619,-0.0023671442307692304,,,
430,1642612331.6466558,92.14567764964461,0.02224219555764748,91.68938093495139,-15.08032768744689,44.45407465627885,-0.0023671955576474806,,,
431,1642612331.6508722,92.1246300014425,0.014992246884525731,91.66695554945966,-15.163614583577715,44.45072899387409,-0.0023672468845257304,,,
432,1642612331.6541169,92.10843336902053,0.00686729821140398,91.65409644485102,-15.166120692075843,44.44919649099942,-0.00236729821140398,,,
433,1642612331.658177,92.0881664534857,0.008742349538282231,91.63385158591777,-15.17008111249352,44.4472455525974,-0.0023673495382822303,,,
434,1642612331.6617293,92.07043334869569,0.01436740086516048,91.61359127561562,-15.17356513406715,44.444039330521484,-0.00236740086516048,,,
435,1642612331.6661236,92.04849785511281,0.02174245219203873,91.59178463985864,-15.17514352929732,44.439187295636614,-0.0023674521920387303,,,
436,1642612331.6693687,92.03229884240834,0.01761750351891698,91.57890532961378,-15.176345822339263,44.435255782258864,-0.00236750351891698,,,
437,1642612331.6734304,92.01202359588467,0.00911755484579523,91.558598665205,-15.178024534828634,44.43322111322587,-0.0023675548457952303,,,
438,1642612331.6778684,91.98988189684862,0.00861760617267348,91.53835974910592,-15.181057262596472,44.431298012491666,-0.00236760617267348,,,
439,1642612331.6812677,91.97293892423518,0.01274265749955173,91.52216790308657,-15.177950370405773,44.428454367342184,-0.00236765749955173,,,
440,1642612331.6845102,91.95677786184615,0.01999270882642998,91.49961062671397,-15.177366650761895,44.42399280432196,-0.00236770882642998,,,
441,1642612331.6885693,91.9365468260246,0.019742760153308232,91.48338371803207,-15.178493071049685,44.4195870197241,-0.00236776015330823,,,
442,1642612331.6937888,91.9105322688319,0.00874281148018648,91.46307510672659,-15.180271024038138,44.41763597823535,-0.00236781148018648,,,
443,1642612331.696369,91.89767234109851,0.006117862807064729,91.44691242063841,-15.183251797987722,44.41627071899511,-0.00236786280706473,,,
444,1642612331.6996093,91.8815219735302,0.010992914133942981,91.42434412547954,-15.187460451433255,44.41381754571027,-0.00236791413394298,,,
445,1642612331.70367,91.86128261951475,0.018117965460821228,91.40811959541223,-15.190466304498848,44.40977434949292,-0.00236796546082123,,,
446,1642612331.7077394,91.84100048621653,0.02186801678769948,91.38787996392963,-15.191918537441236,44.40489429367494,-0.0023680167876994796,,,
447,1642612331.7113044,91.82316836018147,0.013243068114577731,91.37138427179991,-15.148259126336661,44.40193897713994,-0.0023680681145777298,,,
448,1642612331.7147036,91.80608439775004,0.00761811944145598,91.34869762521203,-15.132891157099607,44.40023892137068,-0.0023681194414559795,,,
449,1642612331.7187712,91.78564044158519,0.008868170768334231,91.3321053806309,-15.136159244927473,44.39825990476515,-0.0023681707683342297,,,
450,1642612331.722831,91.76523602885585,0.015368222095212481,91.31175259350007,-15.139003093639241,44.394830339918194,-0.0023682220952124795,,,
451,1642612331.7272115,91.74321992155751,0.02136827342209073,91.29552458057272,-15.140274734424565,44.390061806582686,-0.0023682734220907293,,,
452,1642612331.729794,91.73024008841891,0.01474332474896898,91.27312373676585,-15.141571341308696,44.38677169351866,-0.0023683247489689795,,,
453,1642612331.7338634,91.70978774425257,0.00636837607584723,91.25599051861376,-15.143641589601028,44.38535052986117,-0.0023683760758472293,,,
454,1642612331.7379236,91.68938093495139,0.008243427402725479,91.23562578946148,-15.147084419567651,44.38351093067633,-0.0023684274027254795,,,
455,1642612331.7423978,91.66695554945966,0.01249347872960373,91.21937747509769,-15.147278024924045,44.38072289213799,-0.0023684787296037292,,,
456,1642612331.7449772,91.65409644485102,0.01974353005648198,91.19306772962925,-15.140152385893666,44.376316935728916,-0.0023685300564819795,,,
457,1642612331.7490382,91.63385158591777,0.01736858138336023,91.18014301230279,-15.141298366954473,44.3724409716919,-0.0023685813833602292,,,
458,1642612331.7531023,91.61359127561562,0.00786863271023848,91.1597782759864,-15.14299293589269,44.370685011505394,-0.002368632710238479,,,
459,1642612331.7574766,91.59178463985864,0.005993684037116729,91.14353453332097,-15.14558518758139,44.36934746393808,-0.002368684037116729,,,
460,1642612331.76006,91.57890532961378,0.008368735363994979,91.12314111259403,-15.149124992677388,44.36747990109053,-0.002368735363994979,,,
461,1642612331.7641335,91.558598665205,0.01511878669087323,91.1051571823544,-15.151218557901355,44.364106000125126,-0.002368786690873229,,,
462,1642612331.7681932,91.53835974910592,0.01861883801775148,91.08394745111016,-15.152065365991936,44.35995102943553,-0.002368838017751479,,,
463,1642612331.7714412,91.52216790308657,0.01011888934462973,91.06770012289343,-15.153385955910352,44.35769290309069,-0.002368889344629729,,,
464,1642612331.775964,91.49961062671397,0.005618940671507979,91.0473592902525,-15.179722296343028,44.35643898306762,-0.002368940671507979,,,
465,1642612331.779217,91.48338371803207,0.00886899199838623,91.02501741848957,-15.230772939797921,44.354459783196795,-0.0023689919983862287,,,
466,1642612331.7832882,91.46307510672659,0.01486904332526448,91.00801029309295,-15.233653106545724,44.351141614837424,-0.002369043325264479,,,
467,1642612331.7865283,91.44691242063841,0.020994094652142727,90.99183585901463,-15.234954928685445,44.34645658305128,-0.0023690946521427287,,,
468,1642612331.7910526,91.42434412547954,0.01499414597902098,90.97155268806004,-15.236056335094457,44.34311049684552,-0.002369145979020979,,,
469,1642612331.794305,91.40811959541223,0.007244197305899229,90.94968621404168,-15.237784083098816,44.34149388535521,-0.0023691973058992287,,,
470,1642612331.7983625,91.38787996392963,0.006744248632777479,90.93271477541585,-15.240914823522848,44.3399888421637,-0.0023692486327774784,,,
471,1642612331.8016694,91.37138427179991,0.00949429995965573,90.91627744879275,-15.243970414465647,44.3378700988773,-0.0023692999596557286,,,
472,1642612331.8062038,91.34869762521203,0.016369351286533978,90.89601212122356,-15.25390511657596,44.334217122534824,-0.0023693512865339784,,,
473,1642612331.8095164,91.3321053806309,0.014244402613412229,90.86939349299475,-15.277344617609538,44.331038348687976,-0.0023694026134122286,,,
474,1642612331.8135798,91.31175259350007,0.006369453940290478,90.85648860628253,-15.279050901180575,44.32961694449479,-0.0023694539402904784,,,
475,1642612331.8168197,91.29552458057272,0.006494505267168729,90.84033702054003,-15.282137986560045,44.32816763390931,-0.0023695052671687286,,,
476,1642612331.821292,91.27312373676585,0.010369556594046979,90.82010777075041,-15.28585271472169,44.32585356878498,-0.0023695565940469784,,,
477,1642612331.8247125,91.25599051861376,0.01724460792092523,90.803945501172,-15.28775987162769,44.32200527060457,-0.002369607920925228,,,
478,1642612331.8287783,91.23562578946148,0.01899465924780348,90.78482024776194,-15.288612616257112,44.317766431835025,-0.0023696592478034783,,,
479,1642612331.8320222,91.21937747509769,0.008619710574681728,90.7633682923046,-15.289791740098016,44.31584286148351,-0.002369710574681728,,,
480,1642612331.8372736,91.19306772962925,0.005744761901559979,90.74718465505433,-15.291975086223532,44.314560863256936,-0.0023697619015599783,,,
481,1642612331.8398519,91.18014301230279,0.008494813228438229,90.7266063999576,-15.258769143326628,44.312665164935474,-0.002369813228438228,,,
482,1642612331.8439143,91.1597782759864,0.012994864555316479,90.7086515747235,-15.211501365110946,44.30976523738408,-0.002369864555316478,,,
483,1642612331.8471546,91.14353453332097,0.017744915882194727,90.68754385900772,-15.212324400403308,44.30580529072631,-0.002369915882194728,,,
484,1642612331.8512228,91.12314111259403,0.010494967209072979,90.67130687911686,-15.21312248184918,44.303463239031124,-0.002369967209072978,,,
485,1642612331.8548102,91.1051571823544,0.0042450185359512276,90.65097155704781,-15.214744388444627,44.30251592279276,-0.002370018535951228,,,
486,1642612331.8590412,91.08394745111016,0.006620069862829478,90.62012117587439,-15.217939042786627,44.30103859127417,-0.002370069862829478,,,
487,1642612331.8622823,91.06770012289343,0.011120121189707729,90.60986517306264,-15.221183635586284,44.29855703052564,-0.002370121189707728,,,
488,1642612331.86634,91.0473592902525,0.01749517251658598,90.59245826152757,-15.222655788390407,44.294652816473906,-0.002370172516585978,,,
489,1642612331.8708038,91.02501741848957,0.014370223843464227,90.57614965316868,-15.218533023637665,44.29144596442355,-0.0023702238434642276,,,
490,1642612331.8742125,91.00801029309295,0.006495275170342478,90.5531217872292,-15.209298091402383,44.28999648202686,-0.0023702751703424778,,,
491,1642612331.8774543,90.99183585901463,0.005495326497220728,90.53925469815574,-15.211616686749785,44.288770147681824,-0.0023703264972207276,,,
492,1642612331.8815196,90.97155268806004,0.008620377824098979,90.51887590894775,-15.214558757977729,44.28684642842726,-0.0023703778240989778,,,
493,1642612331.8859022,90.94968621404168,0.015620429150977227,90.49842900322155,-15.215979583263643,44.28336058117839,-0.0023704291509772275,,,
494,1642612331.8893037,90.93271477541585,0.01524548047785548,90.48205355324106,-15.216602382753463,44.2799584072901,-0.0023704804778554777,,,
495,1642612331.8925982,90.91627744879275,0.004995531804733728,90.46309445567553,-15.217624210505921,44.27884360688162,-0.0023705318047337275,,,
496,1642612331.8966599,90.89601212122356,0.0034955831316119774,90.44177518050573,-15.219768286660708,44.27806353427768,-0.0023705831316119773,,,
497,1642612331.901998,90.86939349299475,0.008495634458490227,90.42535790459301,-15.222835102233367,44.27616765269093,-0.0023706344584902275,,,
498,1642612331.90459,90.85648860628253,0.015370685785368479,90.40488829336076,-15.249859490313892,44.2727375380481,-0.0023706857853684773,,,
499,1642612331.9078338,90.84033702054003,0.018495737112246727,90.38674773681085,-15.28566567641393,44.26861003849573,-0.0023707371122467275,,,
500,1642612331.9118967,90.82010777075041,0.009495788439124977,90.36546955613663,-15.286616483349187,44.26649096304099,-0.0023707884391249772,,,
501,1642612331.9151428,90.803945501172,0.004245839766003227,90.34736715226029,-15.28871901231327,44.265543463537334,-0.002370839766003227,,,
502,1642612331.918984,90.78482024776194,0.005870891092881477,90.32684601583026,-15.292048374914657,44.26423331838276,-0.0023708910928814772,,,
503,1642612331.9232924,90.7633682923046,0.010870942419759728,90.30860672502297,-15.294426333768962,44.26180736424538,-0.002370942419759727,,,
504,1642612331.9265428,90.74718465505433,0.016120993746637977,90.29153990053724,-15.294926512010704,44.258209811248754,-0.002370993746637977,,,
505,1642612331.9306757,90.7266063999576,0.011621045073516226,90.27116755424953,-15.295301514476876,44.2556164645739,-0.002371045073516227,,,
506,1642612331.9342732,90.7086515747235,0.004121096400394477,90.25473993221524,-15.283409710634556,44.25469680273806,-0.002371096400394477,,,
507,1642612331.9384887,90.68754385900772,0.003996147727272727,90.23279218274102,-15.260938370675602,44.25380502438635,-0.002371147727272727,,,
508,1642612331.9417315,90.67130687911686,0.008121199054150976,90.21561138540142,-15.263760044614141,44.25199270161937,-0.0023711990541509767,,,
509,1642612331.9457927,90.65097155704781,0.015996250381029226,90.19548080816017,-15.265108192077744,44.24842298629056,-0.002371250381029227,,,
510,1642612331.951954,90.62012117587439,0.016246301707907477,90.17939305224041,-15.266056746588484,44.24479746963123,-0.0023713017079074767,,,
511,1642612331.9540021,90.60986517306264,0.007371353034785727,90.15376385615343,-15.26752979056386,44.24315248213131,-0.002371353034785727,,,
512,1642612331.9574785,90.59245826152757,0.004746404361663977,90.1410912580324,-15.26977707594238,44.24209327687989,-0.0023714043616639767,,,
513,1642612331.9607356,90.57614965316868,0.006121455688542226,90.12101915134747,-15.272748652366152,44.240727215853994,-0.002371455688542227,,,
514,1642612331.965333,90.5531217872292,0.011621507015420477,90.10086351529638,-15.273996950306989,44.23813376609242,-0.0023715070154204767,,,
515,1642612331.9680996,90.53925469815574,0.014746558342298727,90.08463733928416,-15.265332575284571,44.2348429314213,-0.0023715583422987264,,,
516,1642612331.9721653,90.51887590894775,0.007121609669176977,90.06239394157076,-15.262780657610124,44.23325367652741,-0.0023716096691769766,,,
517,1642612331.9762447,90.49842900322155,0.003121660996055226,90.04621963892457,-15.264377397839704,44.23255704820243,-0.0023716609960552264,,,
518,1642612331.9795117,90.48205355324106,0.0051217123229334765,90.02572351102168,-15.267122115115745,44.23141408941187,-0.0023717123229334766,,,
519,1642612331.9832942,90.46309445567553,0.010746763649811726,90.00893896999303,-15.269317815024312,44.22901584694742,-0.0023717636498117264,,,
520,1642612331.9875476,90.44177518050573,0.015371814976689976,89.98693097948308,-15.270041133012374,44.225585480314805,-0.002371814976689976,,,
521,1642612331.990823,90.42535790459301,0.009996866303568226,89.97087132044689,-15.270664638064838,44.223354584571496,-0.0023718663035682264,,,
522,1642612331.994907,90.40488829336076,0.003246917630446476,89.95082182494136,-15.271737357740163,44.22263000403789,-0.002371917630446476,,,
523,1642612331.998532,90.38674773681085,0.004746968957324726,89.92960559186307,-15.300107235259501,44.221570672791586,-0.0023719689573247263,,,
524,1642612332.002794,90.36546955613663,0.010497020284202976,89.90827649417007,-15.348949175843835,44.21922816293316,-0.002372020284202976,,,
525,1642612332.00642,90.34736715226029,0.016622071611081226,89.89170189039729,-15.349751196647318,44.215518789647966,-0.0023720716110812263,,,
526,1642612332.0105302,90.32684601583026,0.011872122937959476,89.87519860080351,-15.35005174561584,44.212869412560984,-0.002372122937959476,,,
527,1642612332.0141835,90.30860672502297,0.002497174264837726,89.85516763648779,-15.351054379874663,44.21231214438628,-0.002372174264837726,,,
528,1642612332.017602,90.29153990053724,0.0018722255917159756,89.83298892681407,-15.353335803873389,44.21189433944859,-0.002372225591715976,,,
529,1642612332.0216825,90.27116755424953,0.004872276918594226,89.81619681479529,-15.356319313144832,44.21080704453958,-0.002372276918594226,,,
530,1642612332.024973,90.25473993221524,0.012747328245472476,89.80017846161881,-15.357447348836,44.207962357068745,-0.002372328245472476,,,
531,1642612332.0293653,90.23279218274102,0.014122379572350727,89.78008688025093,-15.340310331518577,44.20481081382343,-0.002372379572350726,,,
532,1642612332.032798,90.21561138540142,0.0067474308992289764,89.75486684001072,-15.301629561876364,44.203305060478904,-0.002372430899228976,,,
533,1642612332.0368202,90.19548080816017,0.004747482226107226,89.74225377854314,-15.303078252705927,44.20224561469179,-0.002372482226107226,,,
534,1642612332.0400345,90.17939305224041,0.007372533552985476,89.72549998725869,-15.305900965757536,44.200600363748016,-0.0023725335529854756,,,
535,1642612332.0451553,90.15376385615343,0.011247584879863727,89.70542502287995,-15.307674443570916,44.19809035826539,-0.0023725848798637258,,,
536,1642612332.0476873,90.1410912580324,0.014872636206741976,89.68525581544287,-15.307674207083313,44.194771388120365,-0.0023726362067419756,,,
537,1642612332.0516977,90.12101915134747,0.006247687533620226,89.66749875311952,-15.307599034748266,44.19337715725831,-0.0023726875336202258,,,
538,1642612332.0557249,90.10086351529638,0.0001227388604985013,89.64669847507652,-15.308373261886894,44.193349766914864,-0.0023727388604984755,,,
539,1642612332.0589669,90.08463733928416,0.0031227901873767255,89.62986117728465,-15.31049652923752,44.1926528866001,-0.0023727901873767253,,,
540,1642612332.0634086,90.06239394157076,0.007997841514254976,89.60954523698457,-15.320134493275882,44.19086809224075,-0.0023728415142549755,,,
541,1642612332.0666378,90.04621963892457,0.013747892841133225,89.59220265659754,-15.330224420200327,44.187800119269276,-0.0023728928411332253,,,
542,1642612332.0707297,90.02572351102168,0.010997944168011475,89.5713273979133,-15.330524374644805,44.18534582348453,-0.0023729441680114755,,,
543,1642612332.0740807,90.00893896999303,0.003622995494889725,89.55314629756487,-15.331474620108162,44.18453731760057,-0.0023729954948897253,,,
544,1642612332.0784745,89.98693097948308,0.0031230468217679757,89.53155132564098,-15.333475329388783,44.183840380015404,-0.0023730468217679755,,,
545,1642612332.0816808,89.97087132044689,0.005373098148646225,89.50961079603582,-15.335676135309207,44.18264132208823,-0.0023730981486462252,,,
546,1642612332.0856836,89.95082182494136,0.011498149475524475,89.49600654759709,-15.336176217214373,44.18007540073429,-0.002373149475524475,,,
547,1642612332.0899193,89.92960559186307,0.012498200802402725,89.47586887582565,-15.335950996238285,44.17728630842051,-0.002373200802402725,,,
548,1642612332.0941849,89.90827649417007,0.0039982521292809756,89.45964911321306,-15.327547273352165,44.1763940604515,-0.002373252129280975,,,
549,1642612332.0975096,89.89170189039729,0.0014983034561592105,89.43787362861569,-15.312539436529345,44.176059699792766,-0.002373303456159225,,,
550,1642612332.10082,89.87519860080351,0.004998354783037475,89.42027135593874,-15.314936441364381,44.17494426940984,-0.002373354783037475,,,
551,1642612332.1048381,89.85516763648779,0.011373406109915725,89.40013759286664,-15.315960119237744,44.17240618572371,-0.0023734061099157247,,,
552,1642612332.109287,89.83298892681407,0.014873457436793976,89.38408094963889,-15.315910107388932,44.169087032313385,-0.002373457436793975,,,
553,1642612332.1126554,89.81619681479529,0.0056235087636722254,89.35814063269011,-15.316159742988667,44.16783209287713,-0.0023735087636722247,,,
554,1642612332.1158686,89.80017846161881,0.0004985600905504594,89.34445912660821,-15.317333270229522,44.16772083445374,-0.002373560090550475,,,
555,1642612332.1198988,89.78008688025093,0.0023736114174287247,89.32821151757979,-15.319255900733596,44.16719114050299,-0.0023736114174287247,,,
556,1642612332.124952,89.75486684001072,0.007248662744306975,89.30807059329015,-15.32035453919257,44.16557353250766,-0.002373662744306975,,,
557,1642612332.1274729,89.74225377854314,0.014123714071185225,89.28789028230415,-15.330264303975113,44.16242169145624,-0.0023737140711852247,,,
558,1642612332.1308212,89.72549998725869,0.008873765398063475,89.26524359059866,-15.350193171057924,44.16044142635591,-0.0023737653980634744,,,
559,1642612332.1348333,89.70542502287995,-1.1832750582913346e-06,89.25246566451072,-15.35079362382672,44.160441690414984,-0.0023738167249417247,,,
560,1642612332.1388643,89.68525581544287,-0.00037613194818000026,89.23239763796056,-15.352569974659435,44.16052562783464,-0.0023738680518199744,,,
561,1642612332.1424131,89.66749875311952,0.0038739193786982247,89.21152317382659,-15.354346335757963,44.15966112590079,-0.0023739193786982246,,,
562,1642612332.1465702,89.64669847507652,0.010623970705576476,89.18924071970139,-15.354521498245337,44.15729028584907,-0.0023739707055764744,,,
563,1642612332.1499352,89.62986117728465,0.008999022032454725,89.17629364422363,-15.354246331018928,44.15528206854012,-0.0023740220324547246,,,
564,1642612332.1539955,89.60954523698457,0.0014990733593329597,89.155969511203,-15.354496570710769,44.154947536070175,-0.0023740733593329744,,,
565,1642612332.1574633,89.59220265659754,0.0014991246862112095,89.13567634919738,-15.362383700345491,44.15461299214615,-0.002374124686211224,,,
566,1642612332.1616402,89.5713273979133,0.004749176013089475,89.11371064390592,-15.376684611200371,44.15355316837437,-0.0023741760130894744,,,
567,1642612332.165278,89.55314629756487,0.009999227339967724,89.10083079607735,-15.377235792524843,44.151321745743346,-0.002374227339967724,,,
568,1642612332.1695988,89.53155132564098,0.010999278666845975,89.08049024940037,-15.376559535063718,44.1488671521525,-0.0023742786668459743,,,
569,1642612332.1739888,89.50961079603582,0.0024993299937242242,89.06021870615717,-15.37635923751574,44.1483094029064,-0.002374329993724224,,,
570,1642612332.1767108,89.49600654759709,-0.0011256186793975292,89.04401479636361,-15.376835299750628,44.14856059541455,-0.002374381320602474,,,
571,1642612332.18074,89.47586887582565,0.00199943264748071,89.0211853672132,-15.378538821328815,44.14811440301317,-0.002374432647480724,,,
572,1642612332.1839855,89.45964911321306,0.006749483974358974,89.00493148941588,-15.379816503521301,44.146608191505415,-0.002374483974358974,,,
573,1642612332.18834,89.43787362861569,0.011999535301237225,88.98460640902579,-15.379791596988056,44.14393038113841,-0.002374535301237224,,,
574,1642612332.1918561,89.42027135593874,0.005124586628115473,88.96839298151723,-15.377946081548258,44.14278678091934,-0.002374586628115474,,,
575,1642612332.195878,89.40013759286664,-0.0002503620450062644,88.94648389173761,-15.374812040493644,44.142842651589554,-0.002374637954993724,,,
576,1642612332.1990855,89.38408094963889,0.0012496892818719867,88.92943000846917,-15.376289603252076,44.142563771547074,-0.002374689281871974,,,
577,1642612332.2042673,89.35814063269011,0.005874740608750224,88.90909721889851,-15.377491730958992,44.14125276733645,-0.0023747406087502236,,,
578,1642612332.2070003,89.34445912660821,0.009624791935628475,88.89286812040953,-15.377041197068129,44.13910490352519,-0.002374791935628474,,,
579,1642612332.2102458,89.32821151757979,0.005499843262506724,88.8706108330201,-15.37649051153335,44.137877561221046,-0.0023748432625067236,,,
580,1642612332.2142692,89.30807059329015,-0.0011251054106150293,88.85357599240169,-15.376440645923974,44.138128639188395,-0.0023748945893849738,,,
581,1642612332.2183003,89.28789028230415,-0.00037505408373675114,88.83329318978734,-15.377342328984712,44.13821233607235,-0.0023749459162632235,,,
582,1642612332.2228272,89.26524359059866,0.002999997243141474,88.81711169792345,-15.332132050060354,44.13754285817033,-0.0023749972431414738,,,
583,1642612332.2253847,89.25246566451072,0.008875048570019724,88.79506583805795,-15.244770523918836,44.13556230671798,-0.0023750485700197235,,,
584,1642612332.2294014,89.23239763796056,0.008875099896897973,88.77794562333722,-15.244323989176952,44.13358174381154,-0.0023750998968979733,,,
585,1642612332.2335794,89.21152317382659,0.0008751512237762222,88.75744314864957,-15.244051215904417,44.133386445496996,-0.0023751512237762235,,,
586,1642612332.2380393,89.18924071970139,-0.0013747974493455023,88.7411237743257,-15.244771317261419,44.13369324461629,-0.0023752025506544733,,,
587,1642612332.2406306,89.17629364422363,0.0012502538775327364,88.71481010395473,-15.246459471666363,44.13341423857892,-0.0023752538775327235,,,
588,1642612332.2446985,89.155969511203,0.006500305204410974,88.70172891036596,-15.247328523081315,44.13196363368231,-0.0023753052044109733,,,
589,1642612332.2487602,89.13567634919738,0.009000356531289222,88.68124084360149,-15.246857217690923,44.12995511856725,-0.002375356531289223,,,
590,1642612332.2531586,89.11371064390592,0.002750407858167473,88.66489625541205,-15.246286636038882,44.12934133890903,-0.0023754078581674732,,,
591,1642612332.2557397,89.10083079607735,-0.0033745408149542543,88.6443901787436,-15.33625536505695,44.13009439976941,-0.002375459185045723,,,
592,1642612332.259816,89.08049024940037,-0.0009994894880760437,88.62652057180394,-15.461641926007013,44.13031744534957,-0.002375510511923973,,,
593,1642612332.2638783,89.06021870615717,0.002375561838802223,88.60546584880456,-15.462825261304756,44.129787316143755,-0.002375561838802223,,,
594,1642612332.2671256,89.04401479636361,0.008500613165680473,88.58933084091385,-15.462624263415437,44.12789032351117,-0.002375613165680473,,,
595,1642612332.2717006,89.0211853672132,0.006375664492558723,88.56912626362998,-15.462221916821631,44.1264675333742,-0.002375664492558723,,,
596,1642612332.274958,89.00493148941588,-0.00012428418056302949,88.53890464908515,-15.462096449244251,44.126495268570515,-0.0023757158194369727,,,
597,1642612332.279031,88.98460640902579,0.0008757671463152216,88.5292380897236,-15.462977787304425,44.12629983280699,-0.002375767146315223,,,
598,1642612332.2822802,88.96839298151723,0.0033758184731934727,88.51283311912657,-15.464312193581701,44.12554648682503,-0.0023758184731934727,,,
599,1642612332.2866702,88.94648389173761,0.007375869800071723,88.49262025351402,-15.430181243892077,44.123900491366,-0.002375869800071723,,,
600,1642612332.2900865,88.92943000846917,0.0060009211269499724,88.47024754361655,-15.364051313075688,44.122561328773294,-0.0023759211269499727,,,
601,1642612332.2941597,88.90909721889851,-0.0022490275461717673,88.45732859703963,-15.363651603476441,44.1230632206489,-0.002375972453828223,,,
602,1642612332.2974107,88.89286812040953,-0.002748976219293518,88.43700815823973,-15.364102202372994,44.12367668082331,-0.0023760237807064727,,,
603,1642612332.3018694,88.8706108330201,-0.000248924892415266,88.42077516402603,-15.365453127294357,44.12373223077927,-0.0023760751075847224,,,
604,1642612332.3052819,88.85357599240169,0.004501126434462973,88.39469536088647,-15.365378562516053,44.12272776162885,-0.0023761264344629726,,,
605,1642612332.309345,88.83329318978734,0.007876177761341223,88.38175496416302,-15.364203622115204,44.12097011769247,-0.0023761777613412224,,,
606,1642612332.3125865,88.81711169792345,0.0013762290882194717,88.36142380028987,-15.363478849842071,44.12066299908935,-0.0023762290882194726,,,
607,1642612332.3169894,88.79506583805795,-0.002248719584902268,88.34521106454787,-15.363679412368363,44.12116482224048,-0.0023762804150977224,,,
608,1642612332.320389,88.77794562333722,-0.0013736682580240034,88.32480720851152,-15.332107173550753,44.12147136937,-0.002376331741975972,,,
609,1642612332.3244603,88.75744314864957,0.003626383068854222,88.30683154381711,-15.288257218754554,44.12066210751671,-0.0023763830688542224,,,
610,1642612332.3277009,88.7411237743257,0.008501434395732473,88.28562728999209,-15.287337077230047,44.11876493161883,-0.002376434395732472,,,
611,1642612332.332926,88.71481010395473,0.004376485722610722,88.26927016761927,-15.286541359743383,44.117788277228065,-0.0023764857226107224,,,
612,1642612332.3355236,88.70172891036596,-0.0023734629505110043,88.24880490072434,-15.286541900693747,44.11831793804701,-0.002376537049488972,,,
613,1642612332.339592,88.68124084360149,-0.0028734116236327546,88.23083805641632,-15.287562644951576,44.11895916716474,-0.0023765883763672223,,,
614,1642612332.3428376,88.66489625541205,-0.0001233602967545301,88.20926610569092,-15.288707813226168,44.1189866961876,-0.002376639703245472,,,
615,1642612332.3469095,88.6443901787436,0.007251691030123722,88.19292575125493,-15.288136081408666,44.11736841240149,-0.002376691030123722,,,
616,1642612332.350479,88.62652057180394,0.005876742357001972,88.17249761336296,-15.322180079838011,44.11605696148171,-0.002376742357001972,,,
617,1642612332.3547184,88.60546584880456,-0.000998206316119795,88.15039083249533,-15.388836485086033,44.11627972070985,-0.002376793683880222,,,
618,1642612332.3579674,88.58933084091385,-0.0019981549892415457,88.13343315489607,-15.389538462786254,44.11672562798965,-0.002376845010758472,,,
619,1642612332.3620358,88.56912626362998,-0.0006231036623632808,88.11700730090496,-15.390791528280342,44.116864679494974,-0.002376896337636722,,,
620,1642612332.3681211,88.53890464908515,0.004376947664514972,88.09671947950437,-15.390641861274922,44.115887922017485,-0.0023769476645149716,,,
621,1642612332.3700676,88.5292380897236,0.006626998991393222,88.07469817488888,-15.389640539286885,44.11440904419799,-0.002376998991393222,,,
622,1642612332.373371,88.51283311912657,-0.002372949681728505,88.05759058727928,-15.38898991327848,44.11493859047612,-0.0023770503182714716,,,
623,1642612332.377441,88.49262025351402,-0.00399789835485027,88.04138721877972,-15.388915424065633,44.11583075949701,-0.002377101645149722,,,
624,1642612332.381936,88.47024754361655,-0.001997847027972046,88.02106489428152,-15.36850933194414,44.11627659805233,-0.0023771529720279716,,,
625,1642612332.3845208,88.45732859703963,0.0022522042989062355,87.99491953697408,-15.317632631799285,44.115773997254145,-0.0023772042989062218,,,
626,1642612332.3885863,88.43700815823973,0.0067522556257844715,87.98200586207295,-15.316760722216708,44.11426716722603,-0.0023772556257844715,,,
627,1642612332.391834,88.42077516402603,-0.00037269304733725337,87.96572600106411,-15.31583896030933,44.11435033722227,-0.0023773069526627213,,,
628,1642612332.3970518,88.39469536088647,-0.005872641720459036,87.94533762384356,-15.315540490726006,44.115660873046025,-0.0023773582795409715,,,
629,1642612332.3996408,88.38175496416302,-0.003622590393580784,87.92490740837238,-15.316214351422936,44.116469288527774,-0.0023774096064192213,,,
630,1642612332.4037085,88.36142380028987,0.0010024609332974564,87.90698390180313,-15.316713703378923,44.11624557984137,-0.0023774609332974715,,,
631,1642612332.4069521,88.34521106454787,0.007002512260175721,87.88989476948927,-15.315891707556123,44.11468290266642,-0.0023775122601757213,,,
632,1642612332.4110343,88.32480720851152,0.0030025635870539716,87.86948248469693,-15.314396577312346,44.114012852060355,-0.0023775635870539715,,,
633,1642612332.414623,88.30683154381711,-0.0046223850860677845,87.8490797629333,-15.334717071833765,44.11504438123153,-0.0023776149139322213,,,
634,1642612332.418844,88.28562728999209,-0.003997333759189521,87.83098674349628,-15.364425516236714,44.115936424257534,-0.002377666240810471,,,
635,1642612332.4221,88.26927016761927,2.7175676887052427e-06,87.81396381166049,-15.365051652113424,44.115935817806466,-0.0023777175676887212,,,
636,1642612332.426174,88.24880490072434,0.00512776889456697,87.79362398157224,-15.364377058170332,44.11479150743438,-0.002377768894566971,,,
637,1642612332.4297504,88.23083805641632,0.005752820221445221,87.77331036260526,-15.363152161355352,44.11350771091712,-0.002377820221445221,,,
638,1642612332.4340446,88.20926610569092,-0.002872128451676506,87.75126680963592,-15.362427559466816,44.11414865368283,-0.002377871548323471,,,
639,1642612332.4372973,88.19292575125493,-0.005622077124798286,87.73832447281255,-15.362578466016283,44.115403273635266,-0.0023779228752017208,,,
640,1642612332.4413638,88.17249761336296,-0.0014970257979200464,87.71773682848706,-15.363504824055177,44.11573734917242,-0.002377974202079971,,,
641,1642612332.4457746,88.15039083249533,0.003503025528958221,87.69737317010679,-15.368153646246883,44.114955615726764,-0.0023780255289582207,,,
642,1642612332.4491727,88.13343315489607,0.006253076855836471,87.67500740740432,-15.376136629758857,44.11356018218623,-0.002378076855836471,,,
643,1642612332.4524643,88.11700730090496,-0.0007468718172852682,87.66204185445731,-15.375286265289805,44.113726853731826,-0.0023781281827147207,,,
644,1642612332.4565299,88.09671947950437,-0.004996820490407021,87.64173883654836,-15.374911597048325,44.114841941722766,-0.002378179509592971,,,
645,1642612332.4609427,88.07469817488888,-0.0032467691635287704,87.62555808359126,-15.375563419213073,44.11556648912457,-0.0023782308364712207,,,
646,1642612332.464371,88.05759058727928,-0.0003717178366505042,87.60497889892838,-15.375939854563697,44.11564944149327,-0.0023782821633494705,,,
647,1642612332.467618,88.04138721877972,0.004003333490227721,87.58706496151564,-15.374864206313756,44.114756059570254,-0.0023783334902277207,,,
648,1642612332.4716904,88.02106489428152,0.001128384817105997,87.56593225297098,-15.373513171246357,44.11450424977218,-0.0023783848171059704,,,
649,1642612332.4769225,87.99491953697408,-0.004371563856015785,87.5497276925351,-15.372737976762236,44.11547980580163,-0.0023784361439842206,,,
650,1642612332.4794981,87.98200586207295,-0.004621512529137535,87.52941277088675,-15.38022966027395,44.11651114025342,-0.0023784874708624704,,,
651,1642612332.4827452,87.96572600106411,-0.0014964612022592971,87.51127864522961,-15.3907548875715,44.11684508979569,-0.00237853879774072,,,
652,1642612332.4868116,87.94533762384356,0.0033785901246189704,87.49019297581579,-15.390104188317533,44.11609112529336,-0.0023785901246189704,,,
653,1642612332.4908864,87.92490740837238,0.0025036414514972203,87.47400387137384,-15.388927161957731,44.11553241390448,-0.00237864145149722,,,
654,1642612332.4944613,87.90698390180313,-0.004121307221624536,87.45349608699556,-15.388050910101734,44.11645212278708,-0.0023786927783754704,,,
655,1642612332.4978697,87.88989476948927,-0.007496255894746275,87.43576476672831,-15.38800177017554,44.118124983547496,-0.00237874410525372,,,
656,1642612332.501941,87.86948248469693,-0.005621204567868037,87.4145625690563,-15.388955187945399,44.11937940878056,-0.0023787954321319704,,,
657,1642612332.5060103,87.8490797629333,0.001003846759010205,87.39836870835892,-15.388680495417814,44.119155390833974,-0.00237884675901022,,,
658,1642612332.509624,87.83098674349628,0.0031288980858884697,87.37807495547527,-15.360594962036627,44.118457147483596,-0.00237889808588847,,,
659,1642612332.5130305,87.81396381166049,-0.0033710505872332572,87.35605833501593,-15.309196674029058,44.11920942946649,-0.00237894941276672,,,
660,1642612332.5171008,87.79362398157224,-0.006120999260355038,87.3389353470611,-15.308474464434818,44.1205753886361,-0.00237900073964497,,,
661,1642612332.5211658,87.77331036260526,-0.0036209479334767852,87.3226297311323,-15.308949357495894,44.12138343758726,-0.00237905206652322,,,
662,1642612332.525577,87.75126680963592,0.0007541033934014823,87.30222769516656,-15.309149927125885,44.121215152246705,-0.00237910339340147,,,
663,1642612332.528167,87.73832447281255,0.00462915472027972,87.27523051854045,-15.30827811168994,44.12018211236731,-0.00237915472027972,,,
664,1642612332.532287,87.71773682848706,0.0005042060471579543,87.26628961576439,-15.307231730545574,44.120069593995034,-0.00237920604715797,,,
665,1642612332.536362,87.69737317010679,-0.004495742625963773,87.24584934017172,-15.30663426928942,44.1210728616974,-0.0023792573740362196,,,
666,1642612332.540839,87.67500740740432,-0.004245691299085522,87.22531227052333,-15.30713415296608,44.122020328069254,-0.00237930870091447,,,
667,1642612332.5434358,87.66204185445731,-0.0018706399722072564,87.20859079865146,-15.327448792253588,44.12243777916088,-0.0023793600277927196,,,
668,1642612332.5475023,87.64173883654836,0.0032544113546709697,87.19054348714066,-15.353332680174942,44.12171152633148,-0.00237941135467097,,,
669,1642612332.550743,87.62555808359126,0.0018794626815492191,87.16946125336297,-15.351707804227182,44.1212921063684,-0.0023794626815492196,,,
670,1642612332.554865,87.60497889892838,-0.005370485991572537,87.14913433921767,-15.350533216949207,44.12249058136789,-0.0023795140084274693,,,
671,1642612332.5584528,87.58706496151564,-0.006745434664694275,87.13276749204101,-15.350359258580701,44.123995889233704,-0.0023795653353057195,,,
672,1642612332.5626855,87.56593225297098,-0.0038703833378160362,87.11447541375085,-15.350835712574447,44.124859602066415,-0.0023796166621839693,,,
673,1642612332.565931,87.5497276925351,0.0020046679890622053,87.09330382828162,-15.350286542760445,44.12441224134879,-0.0023796679890622195,,,
674,1642612332.57,87.52941277088675,0.0033797193159404693,87.0770823265232,-15.348961903767718,44.12365802485669,-0.0023797193159404693,,,
675,1642612332.5736337,87.51127864522961,-0.0032452293571812716,87.05676732593678,-15.326230960328113,44.124382228636065,-0.0023797706428187195,,,
676,1642612332.5778615,87.49019297581579,-0.005870178030303038,87.03482368233594,-15.28527119253319,44.12569221466395,-0.0023798219696969693,,,
677,1642612332.5811076,87.47400387137384,-0.004370126703424787,87.01742613085567,-15.285546454647882,44.12666744997913,-0.002379873296575219,,,
678,1642612332.5852196,87.45349608699556,-0.0002450753765465192,87.00113028075833,-15.285049388745215,44.12672214087903,-0.0023799246234534692,,,
679,1642612332.588775,87.43576476672831,0.004754975950331719,86.98073863746322,-15.28345611105822,44.12566102279612,-0.002379975950331719,,,
680,1642612332.5930262,87.4145625690563,-0.0013699727227900063,86.95441263959621,-15.281912671874146,44.12596674523183,-0.0023800272772099692,,,
681,1642612332.5962732,87.39836870835892,-0.007744921395911776,86.94138241900528,-15.281241237699723,44.127695098062574,-0.002380078604088219,,,
682,1642612332.6003423,87.37807495547527,-0.008244870069033527,86.92489039189729,-15.281516550971006,44.12953501919212,-0.002380129930966469,,,
683,1642612332.6047492,87.35605833501593,-0.0036198187421552864,86.90446645116751,-15.281617475492668,44.1303428161535,-0.002380181257844719,,,
684,1642612332.6081655,87.3389353470611,0.0023802325847229687,86.88404251043771,-15.314348998138987,44.129811644626336,-0.0023802325847229687,,,
685,1642612332.6114187,87.3226297311323,0.0010052839116012039,86.86585287728614,-15.360047601641138,44.129587305965494,-0.002380283911601219,,,
686,1642612332.6154892,87.30222769516656,-0.004369664761520537,86.84886614870865,-15.359097140538749,44.13056243819395,-0.0023803352384794687,,,
687,1642612332.6208756,87.27523051854045,-0.005244613434642274,86.82857512304096,-15.3588479914715,44.13173282353585,-0.002380386565357719,,,
688,1642612332.6226594,87.26628961576439,-0.00299456210776405,86.80819604624446,-15.359074736050642,44.13240108853574,-0.0023804378922359687,,,
689,1642612332.6267376,87.24584934017172,0.0025054892191142186,86.79016103328222,-15.358099259296463,44.13184196479995,-0.0023804892191142185,,,
690,1642612332.630835,87.22531227052333,0.0027555405459924686,86.77314931722222,-15.356572770025476,44.131227039733645,-0.0023805405459924687,,,
691,1642612332.6341712,87.20859079865146,-0.005119408127129289,86.75285591179428,-15.355547220873135,44.132369484321,-0.0023805918728707185,,,
692,1642612332.6377766,87.19054348714066,-0.00811935680025104,86.73258749384885,-15.37421908977374,44.134181395971524,-0.0023806431997489687,,,
693,1642612332.6419957,87.16946125336297,-0.005869305473372789,86.71037117752986,-15.410867677820868,44.13549118728003,-0.0023806945266272184,,,
694,1642612332.6460636,87.14913433921767,-0.0008692541464945065,86.6975119782752,-15.410240656759369,44.13568516960573,-0.0023807458535054686,,,
695,1642612332.649339,87.13276749204101,0.0023807971803837184,86.67723081817469,-15.408457364408525,44.13515387208367,-0.0023807971803837184,,,
696,1642612332.6529996,87.11447541375085,-0.0027441514927380225,86.66110405916106,-15.40697572106125,44.13576625557448,-0.002380848507261968,,,
697,1642612332.6572366,87.09330382828162,-0.00661910016585979,86.63512363935033,-15.40604709228123,44.13724337069598,-0.0023808998341402184,,,
698,1642612332.660483,87.0770823265232,-0.005119048838981538,86.62219211747401,-15.406199345736532,44.13838573510477,-0.002380951161018468,,,
699,1642612332.6645484,87.05676732593678,-0.0024939975121033,86.60194889710945,-15.40604997084488,44.1389422943569,-0.0023810024878967184,,,
700,1642612332.6689336,87.03482368233594,0.0013810538147749673,86.58581383877858,-15.40461864190905,44.13863409907019,-0.002381053814774968,,,
701,1642612332.6724012,87.01742613085567,-0.0024938948583468,86.56558247458152,-15.316886268242936,44.13919063541416,-0.0023811051416532183,,,
702,1642612332.6756492,87.00113028075833,-0.007993843531468528,86.54773294640678,-15.202769066141974,44.14097453758565,-0.002381156468531468,,,
703,1642612332.6797135,86.98073863746322,-0.007743792204590277,86.52646547437624,-15.202720909482707,44.14270263842662,-0.002381207795409718,,,
704,1642612332.6849606,86.95441263959621,-0.0033687408777120093,86.50593910876403,-15.202896067358607,44.14345440497588,-0.002381259122287968,,,
705,1642612332.6875577,86.94138241900528,0.001381310449166217,86.48955308970604,-15.201855467246386,44.14314615241876,-0.002381310449166218,,,
706,1642612332.6908448,86.92489039189729,0.0005063617760444525,86.4665295437961,-15.20029383379114,44.143033152975086,-0.002381361776044468,,,
707,1642612332.6949155,86.90446645116751,-0.00636858689707729,86.45238486116695,-15.19907957288269,44.14445436367934,-0.002381413102922718,,,
708,1642612332.6989863,86.88404251043771,-0.0073685355701990415,86.4318813173083,-15.198510423640673,44.14609872243525,-0.0023814644298009676,,,
709,1642612332.7026198,86.86585287728614,-0.004743484243320774,86.41135975627577,-15.257051653598552,44.147157276034505,-0.002381515756679218,,,
710,1642612332.7060235,86.84886614870865,-0.0012434329164425217,86.39331222312799,-15.336299589976207,44.147434759909565,-0.0023815670835574676,,,
711,1642612332.7100892,86.82857512304096,0.0011316184104357445,86.37631215003242,-15.334773873787192,44.1471822285044,-0.002381618410435718,,,
712,1642612332.7141726,86.80819604624446,-0.004868330262686038,86.35601133455525,-15.33324816786837,44.148268642679625,-0.0023816697373139676,,,
713,1642612332.7177863,86.79016103328222,-0.0076182789358077915,86.3352153482051,-15.332348405981206,44.14996873404157,-0.002381721064192218,,,
714,1642612332.721195,86.77314931722222,-0.005118227608929539,86.31688450338842,-15.33232496158569,44.15111091518507,-0.0023817723910704676,,,
715,1642612332.7252612,86.75285591179428,-0.0009931762820512995,86.29980348890015,-15.331850855188781,44.15133255191329,-0.0023818237179487173,,,
716,1642612332.7293224,86.73258749384885,0.0015068750448269529,86.27950029279378,-15.33012489159775,44.15099627842307,-0.0023818750448269675,,,
717,1642612332.7337794,86.71037117752986,-0.0031180736282947876,86.26269067003396,-15.31657220464499,44.15169210619284,-0.0023819263717052173,,,
718,1642612332.7363653,86.6975119782752,-0.008868022301416542,86.2365047569121,-15.286604101424384,44.15367108966656,-0.0023819776985834675,,,
719,1642612332.7404437,86.67723081817469,-0.007367970974538292,86.22354808987882,-15.286480889072747,44.15531532242759,-0.0023820290254617173,,,
720,1642612332.7436867,86.66110405916106,-0.004617919647660039,86.20297806811035,-15.286332716495975,44.15634585509373,-0.002382080352339967,,,
721,1642612332.7489111,86.63512363935033,0.0007571316792182297,86.1867523967473,-15.28488608995394,44.15617689396241,-0.0023821316792182173,,,
722,1642612332.7515116,86.62219211747401,-0.0007428169939035219,86.16638288345908,-15.28301497574339,44.15634266063563,-0.002382183006096467,,,
723,1642612332.7555823,86.60194889710945,-0.007117765667025291,86.14839918238526,-15.281693222029883,44.1579310577039,-0.0023822343329747172,,,
724,1642612332.758827,86.58581383877858,-0.008617714340147043,86.12721689365031,-15.281120592557196,44.1598541825767,-0.002382285659852967,,,
725,1642612332.7628953,86.56558247458152,-0.0049926630132687755,86.11095780420722,-15.281122294039667,44.16096834278709,-0.0023823369867312172,,,
726,1642612332.7664647,86.54773294640678,-0.00024261168639052146,86.09061096747331,-15.305710510006053,44.16102248389112,-0.002382388313609467,,,
727,1642612332.7706861,86.52646547437624,0.0008824396404877154,86.07272184512921,-15.338618430595625,44.1608255590971,-0.0023824396404877168,,,
728,1642612332.7747605,86.50593910876403,-0.005242509032634026,86.05164543656876,-15.33744192469467,44.16199547482169,-0.002382490967365967,,,
729,1642612332.778013,86.48955308970604,-0.007867457705755792,86.0354574138169,-15.336967362282012,44.163751172794775,-0.0023825422942442167,,,
730,1642612332.782583,86.4665295437961,-0.006117406378877541,86.01517037494928,-15.3369691219565,44.16511633017873,-0.002382593621122467,,,
731,1642612332.7853906,86.45238486116695,-0.00286735505199926,85.99721934729612,-15.336068406410247,44.165756207714935,-0.0023826449480007167,,,
732,1642612332.7894604,86.4318813173083,0.0007576962748789794,85.976135805877,-15.334114801387729,44.165587120588725,-0.002382696274878967,,,
733,1642612332.7935338,86.41135975627577,-0.0032422523982427744,85.95995016074471,-15.332136137605119,44.16631066003142,-0.0023827476017572167,,,
734,1642612332.7971299,86.39331222312799,-0.007617201071364542,85.93969759736065,-15.328582316968749,44.16801051085767,-0.0023827989286354665,,,
735,1642612332.800535,86.37631215003242,-0.007617149744486292,85.91741858917509,-15.324133303151779,44.16971035022984,-0.0023828502555137167,,,
736,1642612332.8046012,86.35601133455525,-0.004492098417608026,85.90046167989283,-15.32385947594925,44.17071280469247,-0.0023829015823919665,,,
737,1642612332.8087666,86.3352153482051,-0.00011704709072978556,85.88428375613309,-15.322332713974124,44.170738924863386,-0.0023829529092702167,,,
738,1642612332.8124382,86.31688450338842,-0.00236699576385151,85.86364480230478,-15.32063054997888,44.17126714246815,-0.0023830042361484664,,,
739,1642612332.8158596,86.29980348890015,-0.008616944436973294,85.84742168549182,-15.319554868790988,44.17319009552974,-0.002383055563026716,,,
740,1642612332.8199263,86.27950029279378,-0.007991893110095028,85.82473120490576,-15.319055552633458,44.17497356244616,-0.0023831068899049664,,,
741,1642612332.8232932,86.26269067003396,-0.00486684178321679,85.80847359865746,-15.31875671796353,44.17605964445305,-0.002383158216783216,,,
742,1642612332.8285341,86.2365047569121,-0.0006167904563385363,85.78819975712747,-15.317230007439866,44.17619728710643,-0.0023832095436614664,,,
743,1642612332.8311224,86.22354808987882,-0.0007417391294602727,85.77137129125963,-15.272000865466056,44.176362813243955,-0.002383260870539716,,,
744,1642612332.8352315,86.20297806811035,-0.007241687802582029,85.74863186817232,-15.253746294877566,44.177978864714746,-0.0023833121974179664,,,
745,1642612332.8384728,86.1867523967473,-0.009366636475703793,85.73229969658068,-15.252999373210818,44.18006911868116,-0.002383363524296216,,,
746,1642612332.842542,86.16638288345908,-0.006616585148825542,85.71192358426377,-15.253051211114832,44.181545672552694,-0.002383414851174466,,,
747,1642612332.8461344,86.14839918238526,-0.002866533821947261,85.69546365900882,-15.252104622621156,44.1821853668236,-0.002383466178052716,,,
748,1642612332.8503659,86.12721689365031,8.517504930949903e-06,85.67347211952885,-15.25048409963237,44.18218346606141,-0.002383517504930966,,,
749,1642612332.8536139,86.11095780420722,-0.005741431168190777,85.65639969306574,-15.248888547822665,44.183464721003176,-0.002383568831809216,,,
750,1642612332.8576784,86.09061096747331,-0.008366379841312544,85.63604029618142,-15.248066794641161,44.18533175819344,-0.002383620158687466,,,
751,1642612332.861258,86.07272184512921,-0.005866328514434291,85.61977737423904,-15.23788248697334,44.18664088516527,-0.002383671485565716,,,
752,1642612332.865485,86.05164543656876,-0.0023662771875560106,85.59778297333783,-15.218021295144709,44.187168942412896,-0.002383722812443966,,,
753,1642612332.8687315,86.0354574138169,8.774139322199632e-06,85.58074224585754,-15.215830943216021,44.187166984380305,-0.0023837741393222156,,,
754,1642612332.8728,86.01517037494928,-0.004491174533799526,85.5603244756481,-15.213889730577586,44.18816923266948,-0.002383825466200466,,,
755,1642612332.8764002,85.99721934729612,-0.009741123206921281,85.54405533603898,-15.212646089612358,44.19034305690975,-0.0023838767930787156,,,
756,1642612332.8806286,85.976135805877,-0.009866071880043046,85.51743734887408,-15.212548452672168,44.19254476463414,-0.002383928119956966,,,
757,1642612332.8838747,85.95995016074471,-0.007116020553164792,85.5043801680775,-15.212450825940707,44.194132772263664,-0.0023839794468352156,,,
758,1642612332.8879364,85.93969759736065,-0.0018659692262865107,85.48397555673097,-15.210733870413474,44.19454918103394,-0.0023840307737134653,,,
759,1642612332.8924038,85.91741858917509,-0.00136591789940826,85.46770402460132,-15.208394102399609,44.19485399859726,-0.0023840821005917156,,,
760,1642612332.8958032,85.90046167989283,-0.007615866572530043,85.44727548804948,-15.2578481357083,44.19655355161741,-0.0023841334274699653,,,
761,1642612332.8990464,85.88428375613309,-0.00849081524565178,85.42950165406747,-15.325453539191495,44.198448357751005,-0.0023841847543482155,,,
762,1642612332.903184,85.86364480230478,-0.005365763918773542,85.41197803815665,-15.325505849713073,44.19964577897507,-0.0023842360812264653,,,
763,1642612332.9064362,85.84742168549182,-0.0024907125918953027,85.39172214347133,-15.324327826710253,44.20020160516603,-0.0023842874081047155,,,
764,1642612332.910985,85.82473120490576,-0.001490661265017052,85.37144725814292,-15.322296106033354,44.20053426039716,-0.0023843387349829653,,,
765,1642612332.9142442,85.80847359865746,-0.007615609938138794,85.3505373731862,-15.320490377209062,44.20223375614691,-0.002384390061861215,,,
766,1642612332.9183085,85.78819975712747,-0.009240558611260531,85.33423627992427,-15.319538366646384,44.20429587463941,-0.0023844413887394653,,,
767,1642612332.9216821,85.77137129125963,-0.008740507284382281,85.31399937588203,-15.319364747206784,44.20624640192496,-0.002384492715617715,,,
768,1642612332.9262278,85.74863186817232,-0.0037404559575040263,85.29784902084963,-15.294902547778268,44.2070811202277,-0.0023845440424959652,,,
769,1642612332.9294891,85.73229969658068,0.000259595369374227,85.27550201438623,-15.24762466159835,44.20702318905337,-0.002384595369374215,,,
770,1642612332.933558,85.71192358426377,-0.004740353303747527,85.2581296858368,-15.245852066133159,44.2080810439537,-0.0023846466962524652,,,
771,1642612332.9368448,85.69546365900882,-0.008115301976869294,85.24189953632452,-15.244504423622155,44.20989205073183,-0.002384698023130715,,,
772,1642612332.9412363,85.67347211952885,-0.00799025064999103,85.2213808502813,-15.244006676739893,44.21167515111767,-0.0023847493500089648,,,
773,1642612332.9446454,85.65639969306574,-0.004115199323112791,85.19868153223501,-15.243633923255125,44.21259349696466,-0.002384800676887215,,,
774,1642612332.948711,85.63604029618142,0.00038485200376546297,85.18550355217484,-15.24188636547966,44.212507613581714,-0.0023848520037654647,,,
775,1642612332.9519584,85.61977737423904,-0.003990096669356277,85.1651720499613,-15.23988885169406,44.21339804158232,-0.002384903330643715,,,
776,1642612332.9563475,85.59778297333783,-0.010990045342478032,85.14486439282162,-15.238216304313964,44.21585057466907,-0.0023849546575219647,,,
777,1642612332.9597437,85.58074224585754,-0.009739994015599782,85.1286068214744,-15.216691309419044,44.218024146919554,-0.0023850059844002145,,,
778,1642612332.963813,85.5603244756481,-0.0062399426887215295,85.10566631065554,-15.208443517740577,44.21941664944585,-0.0023850573112784647,,,
779,1642612332.9670556,85.54405533603898,-0.000489891361843302,85.08935395274939,-15.20682407205086,44.21952597336003,-0.0023851086381567145,,,
780,1642612332.9723606,85.51743734887408,-0.0004898400349650518,85.06899217383403,-15.204406261745667,44.219635285820125,-0.0023851599650349647,,,
781,1642612332.974963,85.5043801680775,-0.008614788708086796,85.05273715286253,-15.202512395185527,44.221557757810324,-0.0023852112919132144,,,
782,1642612332.9790297,85.48397555673097,-0.011739737381208534,85.03082369315338,-15.20136701530781,44.2241775918019,-0.0023852626187914647,,,
783,1642612332.9822726,85.46770402460132,-0.009489686054330282,85.01365725382495,-15.201469106385815,44.22629530545146,-0.0023853139456697144,,,
784,1642612332.986344,85.44727548804948,-0.0038646347274520414,84.99329189135118,-15.200498391496492,44.22715773542713,-0.002385365272547964,,,
785,1642612332.9898984,85.42950165406747,0.0002604165994262264,84.97706076076912,-15.213055065724165,44.22709962098751,-0.0023854165994262144,,,
786,1642612332.9934185,85.41197803815665,-0.005864532073695543,84.95505430980577,-15.239192168598239,44.228408347066505,-0.002385467926304464,,,
787,1642612332.9974873,85.39172214347133,-0.010114480746817298,84.93804241057339,-15.23796853315333,44.23066548959084,-0.0023855192531827144,,,
788,1642612333.00156,85.37144725814292,-0.008989429419939032,84.91770960565132,-15.237670645932258,44.23267156621713,-0.002385570580060964,,,
789,1642612333.0057602,85.3505373731862,-0.0047393780930607785,84.90151483027229,-15.236747270360002,44.233729203489915,-0.002385621906939214,,,
790,1642612333.0090346,85.33423627992427,-0.000864326766182511,84.87957517392435,-15.234347728353379,44.233922086223856,-0.002385673233817464,,,
791,1642612333.0130997,85.31399937588203,-0.005114275439304292,84.86226429788847,-15.231948196646698,44.23506338540314,-0.002385724560695714,,,
792,1642612333.0163438,85.29784902084963,-0.010614224112426048,84.84192791953849,-15.230324293459272,44.23743205040994,-0.002385775887573964,,,
793,1642612333.0208259,85.27550201438623,-0.008864172785547797,84.82573433530209,-15.238895198043426,44.239410174827604,-0.002385827214452214,,,
794,1642612333.0242999,85.2581296858368,-0.00673912145866953,84.79938514424077,-15.261012234140063,44.24091407384148,-0.002385878541330464,,,
795,1642612333.0275455,85.24189953632452,-0.0024890701317913043,84.78650892438806,-15.259635762147646,44.241469533501856,-0.002385929868208714,,,
796,1642612333.0316486,85.2213808502813,-0.0018640188049130124,84.76623291976954,-15.257381818047174,44.24188550701706,-0.0023859811950869636,,,
797,1642612333.036188,85.19868153223501,-0.008738967478034782,84.75008415253365,-15.255579160908365,44.243835690680186,-0.002386032521965214,,,
798,1642612333.0388231,85.18550355217484,-0.009988916151156534,84.7296892758707,-15.254428358133948,44.24606481227141,-0.0023860838488434636,,,
799,1642612333.0428889,85.1651720499613,-0.008363864824278295,84.71061625634181,-15.254004622527932,44.247931288211724,-0.002386135175721714,,,
800,1642612333.0469499,85.14486439282162,-0.0034888134974000555,84.69334177084517,-15.252853840336556,44.24870985010744,-0.0023861865025999636,,,
801,1642612333.050201,85.1286068214744,-0.0008637621705217613,84.67304674669953,-15.250775444200166,44.24890260684649,-0.002386237829478214,,,
802,1642612333.0547822,85.10566631065554,-0.008113710843643545,84.65275291127435,-15.228481088142306,44.250713258548124,-0.0023862891563564636,,,
803,1642612333.058038,85.08935395274939,-0.0121136595167653,84.63485781676772,-15.197679657504075,44.253416536818655,-0.0023863404832347133,,,
804,1642612333.062102,85.06899217383403,-0.009488608189887032,84.61642255608747,-15.197132406233285,44.255534009932525,-0.0023863918101129636,,,
805,1642612333.0653465,85.05273715286253,-0.00573855686300878,84.59606124119588,-15.196360261530572,44.25681462344576,-0.0023864431369912133,,,
806,1642612333.0697203,85.03082369315338,0.000511494463869448,84.57960689447539,-15.194288683350809,44.25670047859401,-0.0023864944638694635,,,
807,1642612333.0731466,85.01365725382495,-0.004863454209252293,84.55714659790459,-15.192092168944287,44.25778580463157,-0.0023865457907477133,,,
808,1642612333.0772114,84.99329189135118,-0.01211340288237405,84.53910728149565,-15.190570375932312,44.26048902563169,-0.002386597117625963,,,
809,1642612333.080451,84.97706076076912,-0.009863351555495798,84.52283540306884,-15.189948208082555,44.26269012628981,-0.0023866484445042133,,,
810,1642612333.0848477,84.95505430980577,-0.0061133002286175445,84.50212107762212,-15.173331951331884,44.264054367347306,-0.002386699771382463,,,
811,1642612333.0882528,84.93804241057339,-0.001488248901739304,84.47977212233945,-15.138569911671219,44.264386484236645,-0.0023867510982607133,,,
812,1642612333.0923226,84.91770960565132,-0.004613197574861044,84.46553567651603,-15.136480129800265,44.26541596312736,-0.002386802425138963,,,
813,1642612333.0955641,84.90151483027229,-0.011988146247982785,84.44507893639592,-15.134714177199935,44.26809123191886,-0.0023868537520172132,,,
814,1642612333.0999556,84.87957517392435,-0.011988094921104536,84.42880495235606,-15.13347132705518,44.27076648925629,-0.002386905078895463,,,
815,1642612333.1034205,84.86226429788847,-0.008113043594226297,84.40828719376911,-15.132950852636515,44.272576992054866,-0.0023869564057737128,,,
816,1642612333.107491,84.84192791953849,-0.002112992267348041,84.38560148494835,-15.131957114513705,44.27304852636489,-0.002387007732651963,,,
817,1642612333.1107323,84.82573433530209,0.000387059059530211,84.3703935294175,-15.130091566195105,44.27296215045647,-0.0023870590595302128,,,
818,1642612333.1160095,84.79938514424077,-0.006862889613591545,84.34994277150004,-15.127976936537433,44.274493669510626,-0.002387110386408463,,,
819,1642612333.118592,84.78650892438806,-0.011237838286713285,84.33346299968963,-15.164608706150696,44.27700149994834,-0.0023871617132867127,,,
820,1642612333.1226587,84.76623291976954,-0.008987786959835034,84.31477846368603,-15.219558206513508,44.27900721004404,-0.0023872130401649625,,,
821,1642612333.1258976,84.75008415253365,-0.005737735632956781,84.29362915582531,-15.218658635951492,44.28028764029199,-0.0023872643670432127,,,
822,1642612333.1299882,84.7296892758707,-0.0021126843060785415,84.2733478899492,-15.216480865084357,44.28075910587753,-0.0023873156939214625,,,
823,1642612333.1338136,84.71061625634181,-0.005737632979200281,84.25719160714792,-15.21410260089975,44.28203951321732,-0.0023873670207997127,,,
824,1642612333.1372783,84.69334177084517,-0.01036258165232205,84.23525154871217,-15.212426109678638,44.2843520218171,-0.0023874183476779625,,,
825,1642612333.1413488,84.67304674669953,-0.009737530325443784,84.21745312073178,-15.211752146869195,44.286525044271706,-0.0023874696745562127,,,
826,1642612333.1454191,84.65275291127435,-0.007487478998565533,84.20045614521389,-15.211228572060554,44.288195946384306,-0.0023875210014344624,,,
827,1642612333.1490035,84.63485781676772,-0.0027374276716872785,84.18036275691802,-15.216821305918277,44.28880682939053,-0.0023875723283127122,,,
828,1642612333.152689,84.61642255608747,-0.003862376344809043,84.16136669197982,-15.225574216363862,44.28966875538664,-0.0023876236551909624,,,
829,1642612333.1567595,84.59606124119588,-0.0103623250179308,84.14470374527176,-15.223996126466705,44.29198120671602,-0.002387674982069212,,,
830,1642612333.160049,84.57960689447539,-0.010987273691052535,84.12310129782536,-15.223396681493448,44.29443312128241,-0.0023877263089474624,,,
831,1642612333.164539,84.55714659790459,-0.007612222364174297,84.10715570106822,-15.222922712815635,44.29613186106282,-0.002387777635825712,,,
832,1642612333.1681454,84.53910728149565,-0.0031121710372960425,84.08192968623719,-15.22114390827662,44.2968263716133,-0.0023878289627039624,,,
833,1642612333.1713984,84.52283540306884,-0.003487119710417807,84.0693154911562,-15.218637411330432,44.29760455552435,-0.002387880289582212,,,
834,1642612333.1755395,84.50212107762212,-0.009862068383539549,84.04935083440904,-15.216381856665189,44.29980536983045,-0.002387931616460462,,,
835,1642612333.1800027,84.47977212233945,-0.010487017056661285,84.02752035519015,-15.214854014987358,44.30214564737356,-0.002387982943338712,,,
836,1642612333.1828396,84.46553567651603,-0.008861965729783048,84.01154862979243,-15.098592324443413,44.30412327926575,-0.002388034270216962,,,
837,1642612333.186916,84.44507893639592,-0.006236914402904782,83.98957231561225,-15.058872201010496,44.30551510600128,-0.002388085597095212,,,
838,1642612333.190159,84.42880495235606,-0.0026118630760265426,83.97339842859905,-15.056863126437596,44.306097968074404,-0.002388136923973462,,,
839,1642612333.1942477,84.40828719376911,-0.004986811749148281,83.95325546011408,-15.055027931656236,44.307210822519586,-0.0023881882508517117,,,
840,1642612333.1987684,84.38560148494835,-0.009361760422270049,83.93718116009066,-15.053490809232436,44.30929998834833,-0.002388239577729962,,,
841,1642612333.201799,84.3703935294175,-0.010611709095391799,83.9139929894366,-15.052723690902324,44.31166809210517,-0.0023882909046082116,,,
842,1642612333.2058742,84.34994277150004,-0.006861657768513546,83.89712319333826,-15.051981421299493,44.31319933626139,-0.002388342231486462,,,
843,1642612333.2091582,84.33346299968963,-0.0022366064416352786,83.87692743175027,-15.04984820515448,44.313698456249455,-0.0023883935583647116,,,
844,1642612333.2128909,84.31477846368603,-0.00448655511475703,83.8608351340781,-15.0971371761616,44.31469967367136,-0.002388444885242962,,,
845,1642612333.2171314,84.29362915582531,-0.0108615037878788,83.83747211591741,-15.197278678066649,44.31712352148832,-0.0023884962121212116,,,
846,1642612333.2211978,84.2733478899492,-0.011861452461000552,83.81991553450185,-15.196378427594752,44.319770517356936,-0.0023885475389994614,,,
847,1642612333.2244372,84.25719160714792,-0.008361401134122298,83.8039364321201,-15.195804345355112,44.32163644350137,-0.0023885988658777116,,,
848,1642612333.2288363,84.23525154871217,-0.003361349807244016,83.78394711195357,-15.193850374498687,44.32238656066299,-0.0023886501927559613,,,
849,1642612333.232405,84.21745312073178,-0.002611298480365793,83.75787356918822,-15.191570256014792,44.32296929674122,-0.0023887015196342115,,,
850,1642612333.235813,84.20045614521389,-0.009236247153487535,83.74442461013632,-15.189691572972134,44.32503045309094,-0.0023887528465124613,,,
851,1642612333.2398417,84.18036275691802,-0.010736195826609287,83.72843956845098,-15.188741195879956,44.32742633724519,-0.0023888041733907115,,,
852,1642612333.2436523,84.16136669197982,-0.007861144499731049,83.70842886679154,-15.188794391933266,44.329180626366345,-0.0023888555002689613,,,
853,1642612333.2469974,84.14470374527176,-0.0029860931728528076,83.6876116077044,-15.138307366803442,44.32984700144291,-0.002388906827147211,,,
854,1642612333.251334,84.12310129782536,-0.002361041845974515,83.66928989008544,-15.066496410150927,44.330373890374304,-0.0023889581540254613,,,
855,1642612333.254535,84.10715570106822,-0.0088609905190963,83.65118662985246,-15.064084833105767,44.33235130463896,-0.002389009480903711,,,
856,1642612333.259599,84.08192968623719,-0.012485939192218038,83.63073800312281,-15.062146229538461,44.335137660657864,-0.0023890608077819613,,,
857,1642612333.2621312,84.0693154911562,-0.011235887865339788,83.61438508787103,-15.061302919618411,44.337645055840504,-0.002389112134660211,,,
858,1642612333.266139,84.04935083440904,-0.007610836538461548,83.59600167666296,-15.060160906249724,44.33934348636074,-0.002389163461538461,,,
859,1642612333.2705214,84.02752035519015,-0.002485785211583307,83.57369136289792,-15.058396582978833,44.339898212959945,-0.002389214788416711,,,
860,1642612333.2737277,84.01154862979243,-0.0053607338847050465,83.55734323655169,-15.056458020321042,44.34109451168409,-0.0023892661152949608,,,
861,1642612333.2781057,83.98957231561225,-0.0101106825578268,83.53672819535392,-15.088326796709833,44.343350806606445,-0.002389317442173211,,,
862,1642612333.2813196,83.97339842859905,-0.009235631230948536,83.51835822665447,-15.135289538704876,44.34541182550719,-0.0023893687690514608,,,
863,1642612333.2853222,83.95325546011408,-0.007735579904070284,83.50035701945697,-15.134466761156633,44.347138093695236,-0.002389420095929711,,,
864,1642612333.2885163,83.93718116009066,-0.003860528577192045,83.48001471459787,-15.132317546708341,44.34799960734444,-0.0023894714228079607,,,
865,1642612333.293124,83.9139929894366,-0.003735477250313781,83.45970932430006,-15.129767905664142,44.34883321460134,-0.0023895227496862105,,,
866,1642612333.2964761,83.89712319333826,-0.010735425923435536,83.43727241578546,-15.127693793680958,44.35122892694439,-0.0023895740765644607,,,
867,1642612333.3004892,83.87692743175027,-0.011985374596557288,83.42331752082299,-15.126520674972417,44.353903577215526,-0.0023896254034427105,,,
868,1642612333.3036869,83.8608351340781,-0.00986032326967905,83.40296211724859,-15.125998276475798,44.35610400208288,-0.0023896767303209607,,,
869,1642612333.3083446,83.83747211591741,-0.004485271942800782,83.38675781563163,-15.12841755429773,44.35710493315277,-0.0023897280571992105,,,
870,1642612333.3118684,83.81991553450185,-0.0028602206159225162,83.36425406073387,-15.13397435695774,44.35774321857174,-0.0023897793840774607,,,
871,1642612333.3150756,83.8039364321201,-0.009735169289044287,83.34632489439855,-15.131998898123651,44.35991571413863,-0.0023898307109557104,,,
872,1642612333.3190877,83.78394711195357,-0.011360117962166051,83.33009369198415,-15.130474285104707,44.36245083244828,-0.00238988203783396,,,
873,1642612333.324321,83.75787356918822,-0.0093600666352878,83.30980022690258,-15.129826306999892,44.364539620292355,-0.0023899333647122104,,,
874,1642612333.3270204,83.74442461013632,-0.004735015308409533,83.29355712565201,-15.12867741081524,44.36559628396828,-0.00238998469159046,,,
875,1642612333.3302288,83.72843956845098,0.0002650360184687224,83.2698463148235,-15.126351343283197,44.365537138661395,-0.0023900360184687104,,,
876,1642612333.3342452,83.70842886679154,-0.005609912654653047,83.25305229745844,-15.123799868252386,44.36678904399668,-0.00239008734534696,,,
877,1642612333.3384235,83.6876116077044,-0.011859861327774803,83.23683894329828,-15.121774378305465,44.3694356847888,-0.00239013867222521,,,
878,1642612333.342089,83.66928989008544,-0.012109810000896552,83.2163574766053,-15.135260230812685,44.37213810400327,-0.00239018999910346,,,
879,1642612333.345694,83.65118662985246,-0.009734758674018287,83.19734716264544,-15.156210311689476,44.374310507937516,-0.00239024132598171,,,
880,1642612333.3497663,83.63073800312281,-0.004234707347140032,83.1796690291996,-15.153878663683754,44.37525552313608,-0.00239029265285996,,,
881,1642612333.3530228,83.61438508787103,-0.005734656020261783,83.15969284523665,-15.151270848311624,44.37653526613918,-0.00239034397973821,,,
882,1642612333.3566837,83.59600167666296,-0.00885960469338355,83.13968817304414,-15.149140077441599,44.37851237114366,-0.00239039530661646,,,
883,1642612333.3611267,83.57369136289792,-0.009734553366505288,83.11785194509343,-15.147963385202257,44.38068472926158,-0.00239044663349471,,,
884,1642612333.3643823,83.55734323655169,-0.00860950203962705,83.10436039438198,-15.147238630400244,44.38260602148146,-0.0023904979603729597,,,
885,1642612333.3684876,83.53672819535392,-0.003984450712748782,83.084365218266,-15.145208318685356,44.383495189533186,-0.00239054928725121,,,
886,1642612333.372154,83.51835822665447,-0.004109399385870546,83.06434748896828,-15.092566516421247,44.38441224106904,-0.0023906006141294596,,,
887,1642612333.3757582,83.50035701945697,-0.010734348058992288,83.04298432342735,-15.002478631411668,44.38680771287639,-0.00239065194100771,,,
888,1642612333.379831,83.48001471459787,-0.01273429673211404,83.02948137362316,-15.001387342177074,44.38964949224115,-0.0023907032678859596,,,
889,1642612333.3838966,83.45970932430006,-0.010359245405235803,83.00921976139924,-15.000942901529216,44.39196125632567,-0.0023907545947642094,,,
890,1642612333.3883889,83.43727241578546,-0.005859194078357548,82.98906117026146,-14.999403821534791,44.39326879118027,-0.0023908059216424596,,,
891,1642612333.391183,83.42331752082299,-0.002609142751479295,82.96339813853194,-14.996844737365983,44.39385104618711,-0.0023908572485207094,,,
892,1642612333.3952584,83.40296211724859,-0.007359091424601049,82.95000539733154,-14.994310541839313,44.39549329739216,-0.0023909085753989596,,,
893,1642612333.3985028,83.38675781563163,-0.010484040097722788,82.93387900358917,-14.992423194887097,44.39783291059858,-0.0023909599022772093,,,
894,1642612333.4030097,83.36425406073387,-0.00985898877084455,82.91367129774753,-14.991730021343951,44.40003303765983,-0.0023910112291554595,,,
895,1642612333.4066021,83.34632489439855,-0.007608937443966299,82.89344801895102,-15.010904451296575,44.401731044379076,-0.0023910625560337093,,,
896,1642612333.4098544,83.33009369198415,-0.003233886117088032,82.87600578608438,-15.034859119077652,44.40245271680661,-0.002391113882911959,,,
897,1642612333.4139206,83.30980022690258,-0.005733834790209784,82.85450953777706,-15.03251679919515,44.40373227654442,-0.0023911652097902093,,,
898,1642612333.4171753,83.29355712565201,-0.011608783463331553,82.83846019994361,-15.030199444710936,44.4063228869244,-0.002391216536668459,,,
899,1642612333.4219263,83.2698463148235,-0.01273373213645329,82.81836120777628,-15.028880305904188,44.40916454029426,-0.0023912678635467093,,,
900,1642612333.4252913,83.25305229745844,-0.010108680809575051,82.79680644190412,-15.02811019034725,44.411420388507466,-0.002391319190424959,,,
901,1642612333.42854,83.23683894329828,-0.005358629482696798,82.7793383516824,-15.026391789851422,44.4126162176143,-0.0023913705173032093,,,
902,1642612333.432644,83.2163574766053,-0.0054835781558185345,82.76322452510402,-15.023899790409258,44.41383993020527,-0.002391421844181459,,,
903,1642612333.4364567,83.19734716264544,-0.011608526828940303,82.74310642516042,-15.040879899785047,44.41643048331485,-0.002391473171059709,,,
904,1642612333.4400074,83.1796690291996,-0.01298347550206204,82.72173895882631,-15.07308863929412,44.41932786929075,-0.002391524497937959,,,
905,1642612333.4440198,83.15969284523665,-0.010608424175183803,82.70502591470164,-15.072516208978955,44.42169523998642,-0.0023915758248162088,,,
906,1642612333.4480379,83.13968817304414,-0.005858372848305548,82.684730823951,-15.070841899422607,44.423002591575724,-0.002391627151694459,,,
907,1642612333.4524238,83.11785194509343,-0.0036083215214272966,82.6687496597848,-15.068241011270079,44.423807822823015,-0.0023916784785727088,,,
908,1642612333.4551337,83.10436039438198,-0.010108270194549053,82.64351824697285,-15.065840476926377,44.426063579403575,-0.0023917298054509585,,,
909,1642612333.4591498,83.084365218266,-0.01298321886767079,82.63089183012845,-15.064015940567733,44.42896090810907,-0.0023917811323292087,,,
910,1642612333.4631705,83.06434748896828,-0.011108167540792553,82.61010762935678,-15.063092960459848,44.43143980128721,-0.0023918324592074585,,,
911,1642612333.4674473,83.04298432342735,-0.005483116213914284,82.59008029956655,-15.061694174691851,44.432663410791456,-0.0023918837860857087,,,
912,1642612333.4701347,83.02948137362316,-0.0022330648870360317,82.57408366476707,-15.004277241953842,44.43316174044794,-0.0023919351129639585,,,
913,1642612333.4741673,83.00921976139924,-0.007733013560157787,82.55225353664738,-14.983838667993712,44.43488743593195,-0.0023919864398422087,,,
914,1642612333.4781795,82.98906117026146,-0.012857962233279556,82.53617646419302,-14.982297176196097,44.43775681242882,-0.0023920377667204585,,,
915,1642612333.483287,82.96339813853194,-0.012732910906401291,82.51404956210857,-14.981603020704911,44.440598282533394,-0.0023920890935987082,,,
916,1642612333.4859526,82.95000539733154,-0.009482859579523039,82.49507732508918,-14.980834111369061,44.442714472790215,-0.0023921404204769584,,,
917,1642612333.4891622,82.93387900358917,-0.003482808252644811,82.47757957708617,-14.978744380489704,44.44349169455848,-0.002392191747355208,,,
918,1642612333.493184,82.91367129774753,-0.004857756925766548,82.45988451303475,-14.976355603588418,44.44457574919307,-0.0023922430742334584,,,
919,1642612333.497209,82.89344801895102,-0.01073270559888829,82.43974631754743,-14.97441542128269,44.44697085446983,-0.002392294401111708,,,
920,1642612333.5006852,82.87600578608438,-0.01173265427201004,82.41956865885041,-14.996240713854766,44.44958910779825,-0.0023923457279899584,,,
921,1642612333.5049767,82.85450953777706,-0.011607602945131804,82.39072502233259,-15.06005395084109,44.45217945473438,-0.002392397054868208,,,
922,1642612333.5081809,82.83846019994361,-0.0066075516182535505,82.38067417139385,-15.058277900312863,44.4536539926877,-0.002392448381746458,,,
923,1642612333.5121934,82.81836120777628,-0.0038575002913752974,82.36417836387372,-15.055724770287751,44.45451483054613,-0.002392499708624708,,,
924,1642612333.5164967,82.79680644190412,-0.008607448964497052,82.34416820629741,-15.053522594338261,44.45643566460278,-0.002392551035502958,,,
925,1642612333.519984,82.7793383516824,-0.01248239763761879,82.32240919590221,-15.051896979172945,44.45922123029011,-0.002392602362381208,,,
926,1642612333.523201,82.76322452510402,-0.01098234631074054,82.30903183905777,-15.051073531551145,44.46167204526474,-0.002392653689259458,,,
927,1642612333.5272174,82.74310642516042,-0.007357294983862301,82.28898482598358,-15.049322599918911,44.46331389557697,-0.0023927050161377077,,,
928,1642612333.5314887,82.72173895882631,-0.002857243656984019,82.26898180172944,-15.046644184290011,44.46395151665925,-0.002392756343015958,,,
929,1642612333.534837,82.70502591470164,-0.008357192330105801,82.25292350463579,-15.019971299128093,44.46581650356906,-0.0023928076698942076,,,
930,1642612333.538903,82.684730823951,-0.012982141003227542,82.23038649570927,-15.009199947443394,44.468713591738855,-0.002392858996772458,,,
931,1642612333.5421047,82.6687496597848,-0.01198208967634929,82.21387476885026,-15.008103214819284,44.47138750894883,-0.0023929103236507076,,,
932,1642612333.5471597,82.64351824697285,-0.009107038349471052,82.19380047428245,-15.00683140454509,44.4734198311257,-0.002392961650528958,,,
933,1642612333.5496893,82.63089183012845,-0.004606987022592799,82.1734628594927,-15.004384014152734,44.47444792407264,-0.0023930129774072076,,,
934,1642612333.5538533,82.61010762935678,-0.006981935695714537,82.1559335965724,-15.001911621449642,44.47600600939165,-0.0023930643042854574,,,
935,1642612333.5578656,82.59008029956655,-0.012481884368836292,82.13850680215474,-15.000039540503805,44.47879146053817,-0.0023931156311637076,,,
936,1642612333.5610704,82.57408366476707,-0.011231833041958041,82.11840391172572,-14.998717746193993,44.48129795084843,-0.0023931669580419574,,,
937,1642612333.565428,82.55225353664738,-0.007731781715079787,82.09835225554805,-14.98301467436015,44.4830233714345,-0.0023932182849202076,,,
938,1642612333.5686333,82.53617646419302,-0.0034817303882015618,82.07687332390128,-14.953990726455947,44.48380035266707,-0.0023932696117984573,,,
939,1642612333.5730448,82.51404956210857,-0.003856679061323298,82.06349222881693,-14.95157520799724,44.48466100726021,-0.0023933209386767075,,,
940,1642612333.5768273,82.49507732508918,-0.01048162773444504,82.0433303752181,-14.94923452687784,44.48700008212484,-0.0023933722655549573,,,
941,1642612333.5803158,82.47757957708617,-0.011981576407566792,82.02319719795486,-14.947392703361432,44.489673884794,-0.002393423592433207,,,
942,1642612333.5838437,82.45988451303475,-0.00973152508068854,82.00135299933605,-14.946523642484003,44.49184556712116,-0.0023934749193114573,,,
943,1642612333.5878587,82.43974631754743,-0.006731473753810287,81.98417826402554,-14.944931263146136,44.493347759477,-0.002393526246189707,,,
944,1642612333.5918815,82.41956865885041,-0.0038564224269320483,81.96768339683746,-14.94269039245731,44.49420835679974,-0.0023935775730679573,,,
945,1642612333.597641,82.39072502233259,-0.008856371100053804,81.9475741165205,-14.940474474397854,44.49618474019712,-0.002393628899946207,,,
946,1642612333.5996566,82.38067417139385,-0.012731319773175542,81.92180364962354,-15.00364307483035,44.49902585522519,-0.002393680226824457,,,
947,1642612333.6029646,82.36417836387372,-0.010981268446297291,81.90972513102734,-15.040868178644926,44.50147642966413,-0.002393731553702707,,,
948,1642612333.6069775,82.34416820629741,-0.008106217119419053,81.89246951860419,-15.039515946397248,44.50328540906997,-0.002393782880580957,,,
949,1642612333.611341,82.32240919590221,-0.004106165792540799,81.87248234107318,-15.03738514032317,44.50420173899874,-0.002393834207459207,,,
950,1642612333.6140237,82.30903183905777,-0.00873111446566254,81.85244769933527,-15.03477714780451,44.5061501701875,-0.0023938855343374568,,,
951,1642612333.618044,82.28898482598358,-0.013356063138784307,81.83480881344128,-15.032520784257384,44.509130702636256,-0.002393936861215707,,,
952,1642612333.6220553,82.26898180172944,-0.012731011811906043,81.81705482684553,-15.031344402603068,44.51197174893984,-0.0023939881880939567,,,
953,1642612333.6252756,82.25292350463579,-0.009855960485027805,81.79704985023695,-15.030318724978798,44.51417120021033,-0.0023940395149722065,,,
954,1642612333.629788,82.23038649570927,-0.005480909158149536,81.77706741912665,-15.028087507973519,44.5153943171891,-0.0023940908418504567,,,
955,1642612333.633092,82.21387476885026,-0.006355857831271301,81.75532406593987,-14.92167039590313,44.516812687281316,-0.0023941421687287065,,,
956,1642612333.6371088,82.19380047428245,-0.012230806504393042,81.73820885818996,-14.915496966951164,44.519542108015706,-0.0023941934956069567,,,
957,1642612333.6411784,82.1734628594927,-0.012355755177514806,81.72181944590567,-14.913979972062055,44.52229941223423,-0.0023942448224852065,,,
958,1642612333.644686,82.1559335965724,-0.009355703850636554,81.70168914100489,-14.912936763135392,44.52438722648144,-0.0023942961493634562,,,
959,1642612333.648173,82.13850680215474,-0.0066056525237583015,81.67952345587221,-14.91094601298772,44.52586134063377,-0.0023943474762417065,,,
960,1642612333.6521957,82.11840391172572,-0.004105601196880049,81.66203328892345,-14.908207206157147,44.52677754456765,-0.0023943988031199562,,,
961,1642612333.656208,82.09835225554805,-0.009105549870001804,81.64553392069006,-14.905892314139397,44.52880953457618,-0.0023944501299982064,,,
962,1642612333.6605017,82.07687332390128,-0.012105498543123556,81.62524943842584,-14.90445017714555,44.53151099164787,-0.002394501456876456,,,
963,1642612333.6631718,82.06349222881693,-0.011730447216245292,81.6033956935401,-14.920828570793493,44.53412875245082,-0.0023945527837547064,,,
964,1642612333.6671948,82.0433303752181,-0.00923039588936704,81.58634197740042,-14.920060575829334,44.53618860303533,-0.002394604110632956,,,
965,1642612333.6712122,82.02319719795486,-0.0043553445624888,81.56985598963095,-14.91741846395119,44.53716053957525,-0.002394655437511206,,,
966,1642612333.675571,82.00135299933605,-0.00798029323561054,81.54975406725222,-14.914876221703722,44.53894141786941,-0.002394706764389456,,,
967,1642612333.678998,81.98417826402554,-0.011230241908732293,81.53366083038617,-14.912783356848783,44.54144755310316,-0.002394758091267706,,,
968,1642612333.6822894,81.96768339683746,-0.011105190581854055,81.51141370018546,-14.911489377170115,44.543925781944615,-0.002394809418145956,,,
969,1642612333.686302,81.9475741165205,-0.010480139254975792,81.49397030747818,-14.910195407743192,44.546264524640904,-0.002394860745024206,,,
970,1642612333.6914442,81.92180364962354,-0.006355087928097552,81.47384212212111,-14.907927819744907,44.547682722921905,-0.002394912071902456,,,
971,1642612333.6938648,81.90972513102734,-0.006730036601219288,81.45775366034202,-14.907863567020991,44.549184594563485,-0.002394963398780706,,,
972,1642612333.697332,81.89246951860419,-0.010604985274341056,81.43604252532558,-14.910419970988878,44.55155119783574,-0.0023950147256589557,,,
973,1642612333.7013478,81.87248234107318,-0.012979933947462795,81.41869559306623,-14.909075483724305,44.55444779348007,-0.002395066052537206,,,
974,1642612333.7053733,81.85244769933527,-0.011229882620584542,81.39858995208604,-14.908055701600583,44.55695384853526,-0.0023951173794154556,,,
975,1642612333.7089174,81.83480881344128,-0.005854831293706302,81.38257703208876,-14.905936962435343,44.558260409792986,-0.002395168706293706,,,
976,1642612333.7124846,81.81705482684553,-0.005104779966828051,81.36091186156784,-14.903193820304846,44.55939958996732,-0.0023952200331719556,,,
977,1642612333.716504,81.79704985023695,-0.011104728639949806,81.34380595835763,-14.9006754771912,44.561877715722055,-0.0023952713600502054,,,
978,1642612333.720519,81.77706741912665,-0.012854677313071558,81.32323615747589,-14.899031322849316,44.56474635915775,-0.0023953226869284556,,,
979,1642612333.7248878,81.75532406593987,-0.011479625986193294,81.30314602826618,-14.898436193012788,44.56730814681898,-0.0023953740138067054,,,
980,1642612333.728303,81.73820885818996,-0.007604574659315053,81.28140687853218,-14.91849638261218,44.56900517994136,-0.0023954253406849556,,,
981,1642612333.7315724,81.72181944590567,-0.005229523332436788,81.26376911689638,-14.916765127555527,44.570172197783506,-0.0023954766675632054,,,
982,1642612333.735588,81.70168914100489,-0.009979472005558541,81.24730225267224,-14.914318124916342,44.57239921182387,-0.0023955279944414556,,,
983,1642612333.7400098,81.67952345587221,-0.013729420678680295,81.23129528350567,-14.912371407361928,44.57546306255669,-0.0023955793213197053,,,
984,1642612333.7434988,81.66203328892345,-0.011604369351802058,81.21118500196025,-14.911300181083208,44.57805268788573,-0.002395630648197955,,,
985,1642612333.7467902,81.64553392069006,-0.007229318024923789,81.18943530176405,-14.909953813906759,44.57966597892305,-0.0023956819750762053,,,
986,1642612333.7508366,81.62524943842584,-0.0026042666980455494,81.17181750845805,-14.907481838590947,44.580247145792214,-0.002395733301954455,,,
987,1642612333.755196,81.6033956935401,-0.006854215371167303,81.15174892724168,-14.904859791098618,44.58177672910672,-0.0023957846288327053,,,
988,1642612333.758602,81.58634197740042,-0.013229164044289045,81.13568715192835,-14.928308242276268,44.58472894281627,-0.002395835955710955,,,
989,1642612333.7618945,81.56985598963095,-0.012729112717410795,81.11405702863372,-14.974829610364173,44.587569565318866,-0.002395887282589205,,,
990,1642612333.7659092,81.54975406725222,-0.010479061390532542,81.09675705792553,-14.973954251112852,44.589908067479456,-0.002395938609467455,,,
991,1642612333.7691233,81.53366083038617,-0.006479010063654289,81.07678004953512,-14.971947721250341,44.59135392016298,-0.002395989936345705,,,
992,1642612333.7735665,81.51141370018546,-0.006478958736776039,81.06085772177944,-14.969312767839805,44.59279976139242,-0.002396041263223955,,,
993,1642612333.7770503,81.49397030747818,-0.011353907409897807,81.03937502789016,-14.96705488507587,44.5953334937583,-0.002396092590102205,,,
994,1642612333.7810702,81.47384212212111,-0.012603856083019558,81.02230150279637,-14.965777369443503,44.598146164052274,-0.002396143916980455,,,
995,1642612333.7842834,81.45775366034202,-0.009853804756141307,81.00187160317716,-14.96512829797785,44.60034513425136,-0.0023961952438587048,,,
996,1642612333.7886202,81.43604252532558,-0.00672875342926304,80.98594334752582,-14.963272643836568,44.60184671954092,-0.0023962465707369545,,,
997,1642612333.7920864,81.41869559306623,-0.005103702102384802,80.96434683803977,-14.884704848392799,44.60298565917956,-0.0023962978976152047,,,
998,1642612333.7961037,81.39858995208604,-0.010603650775506557,80.94730461462808,-14.879347914883104,44.60535196464572,-0.0023963492244934545,,,
999,1642612333.7993033,81.38257703208876,-0.013728599448628295,80.92679832717707,-14.877151910449486,44.60841563211326,-0.0023964005513717047,,,
1000,1642612333.8036323,81.36091186156784,-0.012603548121750059,80.9067282422837,-14.875881135656524,44.611228233682745,-0.0023964518782499545,,,
1001,1642612333.8070502,81.34380595835763,-0.008228496794871792,80.88509331051002,-14.874460335542516,44.61306450096052,-0.0023965032051282047,,,
1002,1642612333.8111603,81.32323615747589,-0.002978445467993564,80.86798129869892,-14.872014302624342,44.61372916937905,-0.0023965545320064545,,,
1003,1642612333.8151746,81.30314602826618,-0.006853394141115304,80.85147949374443,-14.869518268134467,44.615258569428256,-0.0023966058588847042,,,
1004,1642612333.8195183,81.28140687853218,-0.012478342814237046,80.83138080540468,-14.867447344684049,44.6180432302432,-0.0023966571857629545,,,
1005,1642612333.8230476,81.26376911689638,-0.012228291487358794,80.81530447671545,-14.84734297409434,44.62077208972764,-0.0023967085126412042,,,
1006,1642612333.8263428,81.24730225267224,-0.009728240160480543,80.7935140860011,-14.811311962286755,44.622943038993625,-0.0023967598395194544,,,
1007,1642612333.829546,81.23129528350567,-0.005353188833602303,80.77611099324679,-14.809248619347775,44.62413765396789,-0.002396811166397704,,,
1008,1642612333.8335702,81.21118500196025,-0.00672813750672404,80.75918158423231,-14.806562417475778,44.62563910180848,-0.002396862493275954,,,
1009,1642612333.8379226,81.18943530176405,-0.01235308617984581,80.73896270480238,-14.8041253734965,44.62839581041481,-0.002396913820154204,,,
1010,1642612333.841448,81.17181750845805,-0.01310303485296756,80.716826363163,-14.80236103845512,44.63131987719636,-0.002396965147032454,,,
1011,1642612333.845464,81.15174892724168,-0.011477983526089294,80.7006900155614,-14.801294327072261,44.633881298327,-0.002397016473910704,,,
1012,1642612333.848678,81.13568715192835,-0.006852932199211055,80.68034075348591,-14.79943035341887,44.63541059528948,-0.002397067800788954,,,
1013,1642612333.853014,81.11405702863372,-0.004352880872332801,80.66420679822643,-14.808099695492398,44.63638198203352,-0.002397119127667204,,,
1014,1642612333.856493,81.09675705792553,-0.009977829545454543,80.64287590411175,-14.825006459084497,44.6386086295433,-0.002397170454545454,,,
1015,1642612333.8605103,81.07678004953512,-0.01310277821857631,80.62613375285386,-14.8232385766755,44.64153263905445,-0.0023972217814237037,,,
1016,1642612333.8637123,81.06085772177944,-0.011227726891698044,80.60602645903653,-14.822094844129898,44.64403821303824,-0.002397273108301954,,,
1017,1642612333.8680325,81.03937502789016,-0.006352675564819804,80.5859155840104,-14.82055167247351,44.64545587297745,-0.0023973244351802037,,,
1018,1642612333.871466,81.02230150279637,-0.0032276242379415373,80.56442713732281,-14.817910025415724,44.64617614800712,-0.002397375762058454,,,
1019,1642612333.8755744,81.00187160317716,-0.009227572911063292,80.54760261826193,-14.815143560701046,44.648235368617186,-0.0023974270889367036,,,
1020,1642612333.8787775,80.98594334752582,-0.014977521584185048,80.53154089668084,-14.812951314643138,44.6515777449312,-0.002397478415814954,,,
1021,1642612333.8831205,80.96434683803977,-0.013477470257306796,80.51142285923704,-14.794006990194541,44.65458537053252,-0.0023975297426932036,,,
1022,1642612333.8865304,80.94730461462808,-0.010977418930428544,80.48610248696907,-14.753890446791488,44.6570350859154,-0.0023975810695714534,,,
1023,1642612333.8906326,80.92679832717707,-0.006352367603550305,80.4733873307952,-14.7518060616926,44.65845267713012,-0.0023976323964497036,,,
1024,1642612333.8946476,80.9067282422837,-0.007102316276672055,80.45316842304646,-14.74944811118609,44.66003762652007,-0.0023976837233279534,,,
1025,1642612333.8989756,80.88509331051002,-0.012227264949793796,80.43299145578081,-14.747537840126391,44.66276625692289,-0.0023977350502062036,,,
1026,1642612333.9023988,80.86798129869892,-0.012477213622915546,80.41696180314318,-14.746174730510639,44.665550665748064,-0.0023977863770844533,,,
1027,1642612333.9057,80.85147949374443,-0.010352162296037307,80.39455480047657,-14.745333911875397,44.66786084916944,-0.002397837703962703,,,
1028,1642612333.9097207,80.83138080540468,-0.00522711096915904,80.3783813518969,-14.743697247058202,44.6690273286698,-0.0023978890308409533,,,
1029,1642612333.9129367,80.81530447671545,-0.0044770596422807896,80.35814926285347,-14.741190124561456,44.67002642708676,-0.002397940357719203,,,
1030,1642612333.9172902,80.7935140860011,-0.010352008315402558,80.34014121771344,-14.827941010765697,44.6723365761459,-0.0023979916845974533,,,
1031,1642612333.920759,80.77611099324679,-0.013476956988524297,80.31934345004171,-14.979336082332996,44.67534408720641,-0.002398043011475703,,,
1032,1642612333.9241333,80.75918158423231,-0.012226905661646047,80.30184457670848,-14.978709013858825,44.67807263743066,-0.0023980943383539533,,,
1033,1642612333.9281633,80.73896270480238,-0.008851854334767807,80.28197840985956,-14.977146628861238,44.68004801286894,-0.002398145665232203,,,
1034,1642612333.9325755,80.716826363163,-0.005351803007889554,80.26614536607696,-14.974345578035019,44.68124231858303,-0.002398196992110453,,,
1035,1642612333.9357917,80.7006900155614,-0.009351751681011308,80.24486566091863,-14.971569816703937,44.68332925086602,-0.002398248318988703,,,
1036,1642612333.9398477,80.68034075348591,-0.01210170035413306,80.22828045913651,-14.969400764305933,44.68602986033573,-0.002398299645866953,,,
1037,1642612333.9430635,80.66420679822643,-0.010976649027254795,80.2084590916669,-14.967838420810548,44.688479403907394,-0.002398350972745203,,,
1038,1642612333.9473183,80.64287590411175,-0.008851597700376558,80.18864361885244,-14.966149692169669,44.690454722075266,-0.002398402299623453,,,
1039,1642612333.9506621,80.62613375285386,-0.00572654637349829,80.1723130661736,-14.807596870854736,44.6917326553336,-0.002398453626501703,,,
1040,1642612333.954678,80.60602645903653,-0.007726495046620043,80.14937843408855,-14.74522898046759,44.69345689614935,-0.0023985049533799528,,,
1041,1642612333.9586947,80.5859155840104,-0.013226443719741798,80.13301848968021,-14.742991570072913,44.69640850279262,-0.0023985562802582025,,,
1042,1642612333.9629865,80.56442713732281,-0.013851392392863534,80.11259517383405,-14.741576361583482,44.6994995726729,-0.0023986076071364527,,,
1043,1642612333.9663467,80.54760261826193,-0.010976341065985296,80.09590149947837,-14.740609631492244,44.70194904752008,-0.0023986589340147025,,,
1044,1642612333.9695547,80.53154089668084,-0.0073512897391070555,80.07783582422802,-14.738671230583055,44.70358955770485,-0.0023987102608929527,,,
1045,1642612333.9735727,80.51142285923704,-0.005976238412228791,80.05655725063149,-14.736284371706066,44.70492321211514,-0.0023987615877712025,,,
1046,1642612333.9786239,80.48610248696907,-0.010476187085350546,80.04023797582246,-14.7339224379695,44.7072610728472,-0.0023988129146494523,,,
1047,1642612333.9811537,80.4733873307952,-0.01185113575847231,80.0198397794347,-14.741503654516155,44.70990576644559,-0.0023988642415277025,,,
1048,1642612333.9851766,80.45316842304646,-0.009601084431594058,79.99785356759614,-14.757387315126065,44.712048339701965,-0.0023989155684059522,,,
1049,1642612333.989191,80.43299145578081,-0.006851033104715806,79.9808023680282,-14.75564522160989,44.713577212863456,-0.0023989668952842024,,,
1050,1642612333.9923804,80.41696180314318,-0.004225981777837539,79.96039346725681,-14.753004622214984,44.71452028086829,-0.0023990182221624522,,,
1051,1642612333.9968386,80.39455480047657,-0.008225930450959294,79.94414706520348,-14.750164362817769,44.71635597544202,-0.0023990695490407024,,,
1052,1642612334.0000565,80.3783813518969,-0.01260087912408106,79.92224558743911,-14.747873206854203,44.719167981399316,-0.002399120875918952,,,
1053,1642612334.004082,80.35814926285347,-0.01185082779720281,79.90511796792912,-14.746580412403983,44.72181260627321,-0.002399172202797202,,,
1054,1642612334.007665,80.34014121771344,-0.008100776470324558,79.88471861965049,-14.745087957944156,44.72362037154648,-0.002399223529675452,,,
1055,1642612334.011828,80.31934345004171,-0.003100725143446303,79.8684411719957,-14.746679881531247,44.72431232783695,-0.002399274856553702,,,
1056,1642612334.0153668,80.30184457670848,-0.007725673816568043,79.84233418640433,-14.75368414457751,44.7260363853874,-0.002399326183431952,,,
1057,1642612334.0193844,80.28197840985956,-0.013850622489689785,79.82940012857546,-14.751640740239404,44.72912728345647,-0.002399377510310202,,,
1058,1642612334.0225863,80.26614536607696,-0.013725571162811548,79.808957588919,-14.750371783702432,44.73219027513324,-0.0023994288371884517,,,
1059,1642612334.0268898,80.24486566091863,-0.010725519835933296,79.79272380742711,-14.749177782980965,44.73458377683869,-0.002399480164066702,,,
1060,1642612334.0302439,80.22828045913651,-0.007725468509055044,79.7722824607293,-14.746884590839146,44.73630778857282,-0.0023995314909449517,,,
1061,1642612334.0342524,80.2084590916669,-0.008350417182176807,79.75443341320712,-14.744341590384325,44.73817126354397,-0.002399582817823202,,,
1062,1642612334.0382597,80.18864361885244,-0.012850365855298562,79.7332655546833,-14.742048418749256,44.74103894483689,-0.0023996341447014517,,,
1063,1642612334.0415623,80.1723130661736,-0.0137253145284203,79.71663809683247,-14.740504713083608,44.744101879243246,-0.002399685471579702,,,
1064,1642612334.046152,80.14937843408855,-0.011225263201542046,79.69622299522527,-14.752607878649796,44.74660690343117,-0.0023997367984579516,,,
1065,1642612334.049413,80.13301848968021,-0.007100211874663807,79.67809649450089,-14.7684437919791,44.7481913832038,-0.0023997881253362014,,,
1066,1642612334.0534837,80.11259517383405,-0.004850160547785555,79.66101556465543,-14.765745332794166,44.749273742634436,-0.0023998394522144516,,,
1067,1642612334.056811,80.09590149947837,-0.009725109220907295,79.6407024962171,-14.763147019829143,44.7514439932015,-0.0023998907790927014,,,
1068,1642612334.060412,80.07783582422802,-0.011975057894029048,79.62037157065949,-14.76104939680077,44.7541163412024,-0.0023999421059709516,,,
1069,1642612334.0646532,80.05655725063149,-0.011850006567150812,79.6025037370903,-14.759802939532896,44.75676078281101,-0.0023999934328492014,,,
1070,1642612334.067906,80.04023797582246,-0.007849955240272558,79.58546566433117,-14.758130914786094,44.75851257494255,-0.0024000447597274516,,,
1071,1642612334.0719717,80.0198397794347,-0.004599903913394305,79.5651323578243,-14.75548257497427,44.759539087226344,-0.0024000960866057013,,,
1072,1642612334.0763566,79.99785356759614,-0.008724852586516046,79.5447966703682,-14.761031409279692,44.76148612101725,-0.002400147413483951,,,
1073,1642612334.0797613,79.9808023680282,-0.013224801259637799,79.52300040252372,-14.77389576390952,44.764437361129936,-0.0024001987403622013,,,
1074,1642612334.0838363,79.96039346725681,-0.01422474993275955,79.51006354402946,-14.772647405383234,44.76761174929428,-0.002400250067240451,,,
1075,1642612334.0870802,79.94414706520348,-0.011474698605881297,79.48979532361015,-14.771173398297659,44.77017243736375,-0.0024003013941187013,,,
1076,1642612334.0914533,79.92224558743911,-0.006474647279003043,79.46946886117813,-14.768470814572343,44.77161731645041,-0.002400352720996951,,,
1077,1642612334.0948732,79.90511796792912,-0.0074745959521247945,79.45324548911013,-14.765592728742782,44.77328534358873,-0.002400404047875201,,,
1078,1642612334.0989463,79.88471861965049,-0.012224544625246548,79.43062262732026,-14.763115824430232,44.77601336692526,-0.002400455374753451,,,
1079,1642612334.1021965,79.8684411719957,-0.012974493298368299,79.41437191716467,-14.761416199712952,44.778908748437026,-0.002400506701631701,,,
1080,1642612334.1074107,79.84233418640433,-0.010224441971490045,79.39407873588276,-14.760293268964606,44.78119042985391,-0.002400558028509951,,,
1081,1642612334.1099956,79.82940012857546,-0.0063493906446118065,79.37784942075226,-14.725963695167541,44.782607356731944,-0.002400609355388201,,,
1082,1642612334.1140811,79.808957588919,-0.005974339317733543,79.35516371265246,-14.711458947888167,44.78394058734125,-0.002400660682266451,,,
1083,1642612334.1173255,79.79272380742711,-0.011474287990855297,79.33883774841716,-14.708939549264615,44.78650118377807,-0.0024007120091447008,,,
1084,1642612334.1214108,79.7722824607293,-0.012724236663977049,79.3182341764941,-14.707045105626444,44.78934071814299,-0.0024007633360229506,,,
1085,1642612334.124978,79.75443341320712,-0.011474185337098798,79.30189032928352,-14.70587560812651,44.79190129167165,-0.0024008146629012008,,,
1086,1642612334.1292086,79.7332655546833,-0.007724134010220545,79.28349232431208,-14.703881193858532,44.79362500559969,-0.0024008659897794505,,,
1087,1642612334.1325316,79.71663809683247,-0.0045990826833423055,79.26218773975792,-14.70086188052401,44.79465133461818,-0.0024009173166577007,,,
1088,1642612334.1366117,79.69622299522527,-0.009474031356464047,79.24577116844786,-14.698167548705676,44.79676555477311,-0.0024009686435359505,,,
1089,1642612334.1402376,79.67809649450089,-0.013473980029585799,79.22536192485622,-14.677692599803086,44.79977240149694,-0.0024010199704142007,,,
1090,1642612334.1436584,79.66101556465543,-0.01297392870270755,79.20278702665269,-14.641407283459458,44.80266765701381,-0.0024010712972924505,,,
1091,1642612334.1477265,79.6407024962171,-0.010473877375829298,79.18565747469206,-14.639993010536195,44.805005002312235,-0.0024011226241707003,,,
1092,1642612334.1517982,79.62037157065949,-0.006223826048951043,79.16910943727831,-14.637457921557376,44.80639390825717,-0.0024011739510489505,,,
1093,1642612334.1553767,79.6025037370903,-0.00834877472207281,79.14865472291909,-14.634798306535,44.80825701669772,-0.0024012252779272002,,,
1094,1642612334.158789,79.58546566433117,-0.01322372339519455,79.12658349384215,-14.632487403258178,44.81120801627471,-0.0024012766048054504,,,
1095,1642612334.162861,79.5651323578243,-0.012973672068316299,79.10939890141002,-14.631023356742201,44.81410321452118,-0.0024013279316837,,,
1096,1642612334.1669338,79.5447966703682,-0.010473620741438048,79.09311290450195,-14.629783485702918,44.816440502549206,-0.00240137925856195,,,
1097,1642612334.1713014,79.52300040252372,-0.006223569414559794,79.07269647916638,-14.664232642289099,44.817829351223736,-0.0024014305854402,,,
1098,1642612334.1738963,79.51006354402946,-0.007348518087681558,79.04662672487973,-14.74984321964067,44.81946924288814,-0.00240148191231845,,,
1099,1642612334.1779618,79.48979532361015,-0.0134734667608033,79.03377979616154,-14.74741203978154,44.822475975071164,-0.0024015332391967,,,
1100,1642612334.182039,79.46946886117813,-0.014348415433925038,79.01758381584382,-14.74598571536926,44.82567796036763,-0.00240158456607495,,,
1101,1642612334.1852932,79.45324548911013,-0.012348364107046813,78.99733646775691,-14.745162308359202,44.82843361519852,-0.0024016358929532,,,
1102,1642612334.189831,79.43062262732026,-0.008473312780168546,78.97707369718654,-14.743208460866231,44.830324515490574,-0.00240168721983145,,,
1103,1642612334.1930907,79.41437191716467,-0.005598261453290307,78.95911480837539,-14.74042562646194,44.831573820749526,-0.0024017385467096997,,,
1104,1642612334.1971612,79.39407873588276,-0.009723210126412047,78.94210143643454,-14.737743286878128,44.83374364751559,-0.00240178987358795,,,
1105,1642612334.2004166,79.37784942075226,-0.0124731587995338,78.92158834709424,-14.735764349220164,44.83652715146838,-0.0024018412004661997,,,
1106,1642612334.204957,79.35516371265246,-0.012598107472655563,78.90537575794819,-14.681415259702018,44.83933853890531,-0.00240189252734445,,,
1107,1642612334.208222,79.33883774841716,-0.009473056145777297,78.88341150450339,-14.582894085796914,44.8414525414327,-0.0024019438542226997,,,
1108,1642612334.2123423,79.3182341764941,-0.0058480048188990575,78.86623424805428,-14.580463008168035,44.84275757929768,-0.00240199518110095,,,
1109,1642612334.2156107,79.30189032928352,-0.009972953492020797,78.84578119494931,-14.577708707398385,44.84498313866978,-0.0024020465079791996,,,
1110,1642612334.21929,79.28349232431208,-0.015097902165142538,78.82944056713754,-14.575302514275569,44.84835237905475,-0.0024020978348574494,,,
1111,1642612334.2235506,79.26218773975792,-0.0134728508382643,78.80318385233926,-14.573766575004084,44.851358973788805,-0.0024021491617356996,,,
1112,1642612334.2268336,79.24577116844786,-0.011097799511386062,78.7901405961339,-14.572479286971195,44.853835553242625,-0.0024022004886139494,,,
1113,1642612334.230915,79.22536192485622,-0.006597748184507809,78.76967315972857,-14.570272037306939,44.85530790346652,-0.0024022518154921996,,,
1114,1642612334.235424,79.20278702665269,-0.007097696857629559,78.75335410686732,-14.567517787585764,44.856891821989194,-0.0024023031423704494,,,
1115,1642612334.2388372,79.18565747469206,-0.0127226455307513,78.73288547185362,-14.63535376397511,44.859731001277616,-0.002402354469248699,,,
1116,1642612334.2421346,79.16910943727831,-0.013347594203873065,78.71459645271561,-14.730607426208742,44.86270964380304,-0.0024024057961269493,,,
1117,1642612334.2462103,79.14865472291909,-0.011597542876994812,78.69354810469918,-14.729707817162573,44.86529774573933,-0.002402457123005199,,,
1118,1642612334.2506082,79.12658349384215,-0.007347491550116559,78.67742470513203,-14.727852549317083,44.86693740832213,-0.0024025084498834493,,,
1119,1642612334.2540324,79.10939890141002,-0.006222440223238295,78.65690961669262,-14.725066771880634,44.86832600500688,-0.002402559776761699,,,
1120,1642612334.2572775,79.09311290450195,-0.01322238889636005,78.63910585694715,-14.722306153940137,44.87127670677776,-0.0024026111036399493,,,
1121,1642612334.2613456,79.07269647916638,-0.014472337569481802,78.6178370949722,-14.720048530080705,44.87450634647675,-0.002402662430518199,,,
1122,1642612334.2665534,79.04662672487973,-0.012097286242603564,78.6014897263827,-14.718822033237213,44.87720597089551,-0.002402713757396449,,,
1123,1642612334.2691352,79.03377979616154,-0.007097234915725309,78.58087983624071,-14.64579435620131,44.87878978633147,-0.002402765084274699,,,
1124,1642612334.2723901,79.01758381584382,-0.004097183588847057,78.56233196182562,-14.544797542725416,44.8797041117961,-0.002402816411152949,,,
1125,1642612334.2764592,78.99733646775691,-0.009722132261968799,78.54518825595343,-14.542118561263942,44.881873698026475,-0.002402867738031199,,,
1126,1642612334.2805314,78.97707369718654,-0.013847080935090537,78.52472130863524,-14.54008592073439,44.88496380576397,-0.002402919064909449,,,
1127,1642612334.2841406,78.95911480837539,-0.013347029608212315,78.5042579578987,-14.539072504202831,44.887942322294506,-0.0024029703917876986,,,
1128,1642612334.2875597,78.94210143643454,-0.009846978281334063,78.48217374769789,-14.537537061539082,44.890139769100855,-0.0024030217186659488,,,
1129,1642612334.2916822,78.92158834709424,-0.004221926954455793,78.46914812781667,-14.53498241528882,44.891081932233305,-0.0024030730455441985,,,
1130,1642612334.2949405,78.90537575794819,-0.0063468756275775595,78.44863562379756,-14.532278626005532,44.89249829786139,-0.0024031243724224488,,,
1131,1642612334.2993386,78.88341150450339,-0.012221824300699301,78.42814469926836,-14.556413058915192,44.895225714131634,-0.0024031756993006985,,,
1132,1642612334.3027554,78.86623424805428,-0.013846772973821038,78.40606227149878,-14.603535976357177,44.898315753144644,-0.0024032270261789487,,,
1133,1642612334.3068237,78.84578119494931,-0.012096721646942815,78.3931311785858,-14.60231747354844,44.901015251568516,-0.0024032783530571985,,,
1134,1642612334.310074,78.82944056713754,-0.007721670320064547,78.37275653735425,-14.600149452780487,44.902738415700675,-0.0024033296799354483,,,
1135,1642612334.315297,78.80318385233926,-0.0064716189931862955,78.35239859371545,-14.597456703019649,44.904182618996565,-0.0024033810068136985,,,
1136,1642612334.3178914,78.7901405961339,-0.011096567666308064,78.33611963345265,-14.59513877726376,44.90665892355245,-0.0024034323336919483,,,
1137,1642612334.3219626,78.76967315972857,-0.013846516339429788,78.3134037511781,-14.59337058863692,44.909748905295054,-0.0024034836605701985,,,
1138,1642612334.3252087,78.75335410686732,-0.01147146501255155,78.29709258841496,-14.592027199211033,44.91230887175743,-0.0024035349874484482,,,
1139,1642612334.3292801,78.73288547185362,-0.00809641368567331,78.27674895699853,-14.589709304249928,44.91411566343384,-0.0024035863143266984,,,
1140,1642612334.3329356,78.71459645271561,-0.004471362358795044,78.26052486025482,-14.614470347635235,44.91511349044784,-0.002403637641204948,,,
1141,1642612334.3371704,78.69354810469918,-0.009221311031916798,78.23016769395143,-14.693856176542475,44.91717131366005,-0.002403688968083198,,,
1142,1642612334.3404143,78.67742470513203,-0.013846259705038538,78.2202345587512,-14.69204956929705,44.92026123813225,-0.002403740294961448,,,
1143,1642612334.3445418,78.65690961669262,-0.013721208378160302,78.20387702541825,-14.690746481683707,44.92332325621215,-0.002403791621839698,,,
1144,1642612334.3481238,78.63910585694715,-0.01122115705128205,78.18366627374701,-14.688965070576707,44.925827364073605,-0.002403842948717948,,,
1145,1642612334.352403,78.6178370949722,-0.00609610572440381,78.16113175322842,-14.686529107743803,44.927187768014036,-0.002403894275596198,,,
1146,1642612334.355692,78.6014897263827,-0.008096054397525561,78.14823797315442,-14.684017628861449,44.92899447951188,-0.0024039456024744477,,,
1147,1642612334.3598385,78.58087983624071,-0.012596003070647316,78.12803550797422,-14.681632037634799,44.93180539733149,-0.002403996929352698,,,
1148,1642612334.363552,78.56233196182562,-0.013470951743769052,78.10783422657845,-14.640591963749202,44.93481156826455,-0.0024040482562309477,,,
1149,1642612334.3669615,78.54518825595343,-0.0102209004168908,78.08595409164639,-14.567505920437142,44.937092459349856,-0.002404099583109198,,,
1150,1642612334.3710318,78.52472130863524,-0.005095849090012559,78.07301265859064,-14.565363183661606,44.93822964651414,-0.0024041509099874477,,,
1151,1642612334.3751013,78.5042579578987,-0.007720797763134297,78.05263675989097,-14.562920624641356,44.93995261592692,-0.002404202236865698,,,
1152,1642612334.3794932,78.48217374769789,-0.012845746436256066,78.03227159602056,-14.560328159641857,44.94281926635257,-0.0024042535637439476,,,
1153,1642612334.3820837,78.46914812781667,-0.013595695109377817,78.01598089623482,-14.558285397812229,44.94585327495344,-0.0024043048906221974,,,
1154,1642612334.386163,78.44863562379756,-0.01147064378249955,77.99323379302687,-14.556867297321393,44.94841305815053,-0.0024043562175004476,,,
1155,1642612334.390238,78.42814469926836,-0.008470592455621298,77.97689896116526,-14.554799569976137,44.9503033513763,-0.0024044075443786974,,,
1156,1642612334.3946376,78.40606227149878,-0.00609554112874306,77.95654095384769,-14.55203224371313,44.95166362932184,-0.0024044588712569476,,,
1157,1642612334.3972225,78.3931311785858,-0.010845489801864814,77.94029200062019,-14.530140842083256,44.954083903465595,-0.0024045101981351974,,,
1158,1642612334.4012954,78.37275653735425,-0.013470438474986553,77.9178729105328,-14.491735811050889,44.957089959857846,-0.002404561525013447,,,
1159,1642612334.405365,78.35239859371545,-0.011595387148108316,77.90074732603573,-14.49032319002494,44.95967758072275,-0.0024046128518916974,,,
1160,1642612334.4086192,78.33611963345265,-0.008845335821230062,77.88029073573072,-14.488811017642053,44.96165150149277,-0.002404664178769947,,,
1161,1642612334.41316,78.3134037511781,-0.006720284494351797,77.86396377843492,-14.48625345873831,44.963151196858995,-0.0024047155056481973,,,
1162,1642612334.4164207,78.29709258841496,-0.011595233167473566,77.84191352575381,-14.483272773285071,44.96573878336165,-0.002404766832526447,,,
1163,1642612334.4204874,78.27674895699853,-0.01434518184059529,77.82481907215214,-14.480765015629972,44.96894004705103,-0.0024048181594046973,,,
1164,1642612334.4237306,78.26052486025482,-0.013220130513717053,77.80435888982075,-14.47905376093538,44.971890244842356,-0.002404869486282947,,,
1165,1642612334.4298105,78.23016769395143,-0.0089700791868388,77.78803672189346,-14.488623130244505,44.97389200328019,-0.002404920813161197,,,
1166,1642612334.431811,78.2202345587512,-0.006470027859960547,77.76561546072404,-14.506835200758657,44.97533585149958,-0.002404972140039447,,,
1167,1642612334.4351056,78.20387702541825,-0.008844976533082314,77.74850086958874,-14.503947843045015,44.97730969209103,-0.002405023466917697,,,
1168,1642612334.439176,78.18366627374701,-0.012094925206204065,77.72810672852908,-14.501584334185361,44.98000878962208,-0.002405074793795947,,,
1169,1642612334.4437146,78.16113175322842,-0.012469873879325803,77.71182128407776,-14.499819508265292,44.9827915605137,-0.002405126120674197,,,
1170,1642612334.4463115,78.14823797315442,-0.011844822552447565,77.68560877940003,-14.498478752402141,44.985434845260144,-0.002405177447552447,,,
1171,1642612334.4503803,78.12803550797422,-0.0097197712255693,77.6723197324752,-14.496264942460144,44.98760390460281,-0.002405228774430697,,,
1172,1642612334.454449,78.10783422657845,-0.008594719898691063,77.65600441962748,-14.493527304138054,44.989521898047414,-0.0024052801013089466,,,
1173,1642612334.458844,78.08595409164639,-0.0107196685718128,77.63559355226585,-14.490864510137989,44.99191409398766,-0.0024053314281871968,,,
1174,1642612334.4614308,78.07301265859064,-0.012219617244934552,77.61514325862096,-14.52170590307507,44.99464101773244,-0.0024053827550654465,,,
1175,1642612334.4655037,78.05263675989097,-0.012969565918056303,77.59677927640813,-14.568443542758898,44.99753529965245,-0.0024054340819436968,,,
1176,1642612334.4695745,78.03227159602056,-0.01021951459117805,77.57920083563343,-14.566693947572377,44.99981588147757,-0.0024054854088219465,,,
1177,1642612334.4728308,78.01598089623482,-0.007094463264299812,77.55885423001654,-14.564041302743185,45.00139907839316,-0.0024055367357001963,,,
1178,1642612334.4773777,77.99323379302687,-0.010344411937421565,77.54262185394836,-14.561639518190146,45.00370753224835,-0.0024055880625784465,,,
1179,1642612334.4806428,77.97689896116526,-0.01384436061054329,77.5195355967752,-14.559513678935057,45.00679703291956,-0.0024056393894566963,,,
1180,1642612334.4847121,77.95654095384769,-0.012719309283665053,77.50325213440307,-14.55806514494075,45.009635467692725,-0.0024056907163349465,,,
1181,1642612334.48796,77.94029200062019,-0.010344257956786816,77.4829471106615,-14.556716961228515,45.011943887185666,-0.0024057420432131963,,,
1182,1642612334.4924355,77.9178729105328,-0.0070942066299085615,77.46672305096838,-14.530060785793015,45.01352702683085,-0.0024057933700914465,,,
1183,1642612334.4958456,77.90074732603573,-0.007594155303030313,77.44470882674447,-14.483132416708031,45.01522173477483,-0.0024058446969696962,,,
1184,1642612334.499919,77.88029073573072,-0.012844103976152068,77.42763616234276,-14.480766906368192,45.01808801866989,-0.002405896023847946,,,
1185,1642612334.50317,77.86396377843492,-0.014969052649273805,77.4072022015029,-14.479075530127217,45.021428505060584,-0.002405947350726196,,,
1186,1642612334.5075607,77.84191352575381,-0.012594001322395567,77.39091137274288,-14.477733709872366,45.02423897617105,-0.002405998677604446,,,
1187,1642612334.5109646,77.82481907215214,-0.008593949995517314,77.36467392352147,-14.475368230273657,45.02615679780445,-0.002406050004482696,,,
1188,1642612334.5150387,77.80435888982075,-0.006843898668639062,77.35167038538316,-14.472203799309849,45.027684078848715,-0.002406101331360946,,,
1189,1642612334.5182889,77.78803672189346,-0.012218847341760803,77.3312507482497,-14.469663567354155,45.03041083078228,-0.002406152658239196,,,
1190,1642612334.5227568,77.76561546072404,-0.014468796014882556,77.31495753220528,-14.467747534432249,45.0336396801497,-0.002406203985117446,,,
1191,1642612334.5261722,77.74850086958874,-0.011843744688004317,77.29449014938378,-14.501156081398086,45.03628272436045,-0.0024062553119956957,,,
1192,1642612334.530242,77.72810672852908,-0.008843693361126065,77.27648916338427,-14.545472428163166,45.03825627859988,-0.002406306638873946,,,
1193,1642612334.5334918,77.71182128407776,-0.0067186420342477985,77.25538080398553,-14.542616727350728,45.039755607435524,-0.0024063579657521957,,,
1194,1642612334.5387228,77.68560877940003,-0.011093590707369566,77.23918423625254,-14.540112539561347,45.042231247654726,-0.002406409292630446,,,
1195,1642612334.5413747,77.6723197324752,-0.013718539380491305,77.21886404255366,-14.538286260207679,45.04529267012243,-0.0024064606195086957,,,
1196,1642612334.5446305,77.65600441962748,-0.01334348805361307,77.20083831315878,-14.536911923216197,45.04827039632139,-0.0024065119463869454,,,
1197,1642612334.5487037,77.63559355226585,-0.011968436726734803,77.17970146584318,-14.535035449793964,45.05094126674587,-0.0024065632732651956,,,
1198,1642612334.5527847,77.61514325862096,-0.007593385399856564,77.16352389005476,-14.53225512254261,45.05263580287864,-0.0024066146001434454,,,
1199,1642612334.5564578,77.59677927640813,-0.0087183340729783,77.14296392305563,-14.483059973239953,45.054581382001295,-0.0024066659270216956,,,
1200,1642612334.5599854,77.57920083563343,-0.013218282746100055,77.12509602205665,-14.420487183799269,45.05753116744572,-0.0024067172538999454,,,
1201,1642612334.5640686,77.55885423001654,-0.011968231419221802,77.10789959711326,-14.418948524804168,45.06020199205388,-0.0024067685807781956,,,
1202,1642612334.567326,77.54262185394836,-0.010593180092343566,77.08743870933031,-14.417384953012975,45.06256596088756,-0.0024068199076564454,,,
1203,1642612334.571959,77.5195355967752,-0.0072181287654652995,77.06696945112984,-14.414949085034339,45.06417675493527,-0.002406871234534695,,,
1204,1642612334.5752268,77.50325213440307,-0.006718077438587049,77.04491818401482,-14.411915074304467,45.06567595777602,-0.0024069225614129454,,,
1205,1642612334.5793016,77.4829471106615,-0.012843026111708818,77.03191294670974,-14.409254919418165,45.06854200113539,-0.002406973888291195,,,
1206,1642612334.5825574,77.46672305096838,-0.014342974784830542,77.0115441335197,-14.407292619913285,45.071742772299295,-0.0024070252151694453,,,
1207,1642612334.586968,77.44470882674447,-0.011842923457952317,76.99126022027899,-14.406078021846298,45.07438563324475,-0.002407076542047695,,,
1208,1642612334.590378,77.42763616234276,-0.00846787213107405,76.97384018560994,-14.428343067812301,45.07627531940424,-0.0024071278689259453,,,
1209,1642612334.5944595,77.4072022015029,-0.0067178208041958,76.95571756045518,-14.45776928574491,45.07777446497459,-0.002407179195804195,,,
1210,1642612334.5977135,77.39091137274288,-0.011842769477317567,76.93457077371211,-14.45499865994669,45.08041729155781,-0.002407230522682445,,,
1211,1642612334.6029541,77.36467392352147,-0.01584271815043929,76.91833727385172,-14.45300369055137,45.083952744709926,-0.002407281849560695,,,
1212,1642612334.6055515,77.35167038538316,-0.012717666823561055,76.89797423081016,-14.451559189984927,45.08679081295251,-0.002407333176438945,,,
1213,1642612334.60963,77.3312507482497,-0.009592615496682815,76.88014584825015,-14.449639303678293,45.088931496285554,-0.002407384503317195,,,
1214,1642612334.6128845,77.31495753220528,-0.00696756416980455,76.85868461114659,-14.446918760663412,45.09048637446193,-0.002407435830195445,,,
1215,1642612334.6169727,77.29449014938378,-0.009342512842926316,76.84242014269009,-14.444098144547132,45.09257124501038,-0.0024074871570736946,,,
1216,1642612334.6205769,77.27648916338427,-0.014217461516048056,76.82208330384525,-14.449957514269926,45.09574400669526,-0.002407538483951945,,,
1217,1642612334.6248167,77.25538080398553,-0.012467410189169805,76.80422582201007,-14.459174659395226,45.098526227791005,-0.0024075898108301946,,,
1218,1642612334.6280699,77.23918423625254,-0.009092358862291566,76.78316030292423,-14.457778430712509,45.10055527410077,-0.0024076411377084448,,,
1219,1642612334.6321514,77.21886404255366,-0.006842307535413313,76.7668648290998,-14.455380064064318,45.10208220006854,-0.0024076924645866945,,,
1220,1642612334.635772,77.20083831315878,-0.009342256208535066,76.74648091498524,-14.452154935384801,45.104167013346576,-0.0024077437914649447,,,
1221,1642612334.6400175,77.17970146584318,-0.013842204881656793,76.72880557769366,-14.449205407785472,45.107256032946395,-0.0024077951183431945,,,
1222,1642612334.643267,77.16352389005476,-0.014092153554778542,76.70763894792275,-14.4472329849866,45.11040083096857,-0.0024078464452214443,,,
1223,1642612334.6473966,77.14296392305563,-0.011467102227900304,76.69145172200822,-14.44591196886762,45.11295982383408,-0.0024078977720996945,,,
1224,1642612334.650974,77.12509602205665,-0.007717050901022051,76.67111301031758,-14.423668484370014,45.114681957098966,-0.0024079490989779443,,,
1225,1642612334.6544027,77.10789959711326,-0.007841999574143815,76.64910587745692,-14.384330916868812,45.11643197384799,-0.0024080004258561945,,,
1226,1642612334.6584823,77.08743870933031,-0.012216948247265555,76.63206577553244,-14.381492790259113,45.11915830198057,-0.0024080517527344442,,,
1227,1642612334.6625636,77.06696945112984,-0.015216896920387309,76.61576966292037,-14.379153789871747,45.122554097176305,-0.002408103079612694,,,
1228,1642612334.6669602,77.04491818401482,-0.01334184559350907,76.59537145835299,-14.377438694658258,45.12553145684468,-0.0024081544064909442,,,
1229,1642612334.6695533,77.03191294670974,-0.009841794266630817,76.56888400578552,-14.37542414013394,45.12772774678887,-0.002408205733369194,,,
1230,1642612334.6736145,77.0115441335197,-0.006091742939752563,76.55593047115977,-14.372586054518159,45.12908717713244,-0.002408257060247444,,,
1231,1642612334.6776588,76.99126022027899,-0.009591691612874317,76.53965704843043,-14.369723023355458,45.13122765429203,-0.002408308387125694,,,
1232,1642612334.681132,76.97384018560994,-0.014591640285996042,76.51926362068045,-14.367384074188779,45.13448391752627,-0.002408359714003944,,,
1233,1642612334.6847515,76.95571756045518,-0.013841588959117792,76.49882123055195,-14.393570864787085,45.137572799677116,-0.002408411040882194,,,
1234,1642612334.6889844,76.93457077371211,-0.009966537632239553,76.48096058177389,-14.427965204762188,45.139796927289126,-0.0024084623677604437,,,
1235,1642612334.6922338,76.91833727385172,-0.007216486305361301,76.46395432063498,-14.425214814968644,45.14140735480625,-0.002408513694638694,,,
1236,1642612334.6963098,76.89797423081016,-0.009591434978483067,76.44366189438227,-14.422263901128822,45.143547774695435,-0.0024085650215169437,,,
1237,1642612334.6998785,76.88014584825015,-0.01359138365160482,76.42337065704604,-14.419864467011505,45.14658082115353,-0.002408616348395194,,,
1238,1642612334.7041743,76.85868461114659,-0.014091332324726542,76.40144465956816,-14.418116779804759,45.149725435910405,-0.0024086676752734437,,,
1239,1642612334.70743,76.84242014269009,-0.011966280997848305,76.3885223264922,-14.416720037968522,45.1523958252635,-0.002408719002151694,,,
1240,1642612334.7115006,76.82208330384525,-0.007466229670970052,76.36821563324189,-14.414445968692577,45.154061985386654,-0.0024087703290299437,,,
1241,1642612334.7150772,76.80422582201007,-0.006966178344091801,76.34791964023978,-14.353119073686798,45.15561655430286,-0.0024088216559081934,,,
1242,1642612334.7192993,76.78316030292423,-0.011966127017213555,76.32582421643113,-14.243209349582466,45.15828690929371,-0.0024088729827864436,,,
1243,1642612334.7225654,76.7668648290998,-0.016091075690335296,76.31267072703349,-14.240911946879365,45.161877785791674,-0.0024089243096646934,,,
1244,1642612334.726651,76.74648091498524,-0.014716024363457057,76.2920901347618,-14.239184450191571,45.165161806515165,-0.0024089756365429436,,,
1245,1642612334.7301936,76.72880557769366,-0.009840973036578817,76.27151555633863,-14.23701095822519,45.16735791319406,-0.0024090269634211934,,,
1246,1642612334.734436,76.70763894792275,-0.006590921709700565,76.24810604974148,-14.234019799862674,45.168828740025205,-0.002409078290299443,,,
1247,1642612334.7376804,76.69145172200822,-0.011340870382822318,76.2350295376044,-14.231102985883705,45.17135956305456,-0.0024091296171776934,,,
1248,1642612334.741757,76.67111301031758,-0.014340819055944044,76.21448142011452,-14.22878085599258,45.17455985314707,-0.002409180944055943,,,
1249,1642612334.7461617,76.64910587745692,-0.014215767729065808,76.19808646638563,-14.227202078619156,45.177732236847284,-0.0024092322709341933,,,
1250,1642612334.7495637,76.63206577553244,-0.011715716402187555,76.17754676828362,-14.307242121674209,45.18034671032905,-0.002409283597812443,,,
1251,1642612334.7528172,76.61576966292037,-0.008590665075309317,76.15524848483324,-14.461055332640049,45.18226379890128,-0.0024093349246906933,,,
1252,1642612334.7568896,76.59537145835299,-0.010090613748431069,76.14144121704709,-14.458366801911767,45.18451561527805,-0.002409386251568943,,,
1253,1642612334.7621777,76.56888400578552,-0.014215562421552808,76.12116090528168,-14.456030989820839,45.18768795316194,-0.002409437578447193,,,
1254,1642612334.7647638,76.55593047115977,-0.014340511094674544,76.10091489875666,-14.454375411231199,45.19088817452997,-0.002409488905325443,,,
1255,1642612334.7680128,76.53965704843043,-0.011715459767796307,76.08287743994897,-14.452896197124959,45.193502590741325,-0.002409540232203693,,,
1256,1642612334.7720842,76.51926362068045,-0.007840408440918066,76.06585021132372,-14.45063599642948,45.195252252413844,-0.002409591559081943,,,
1257,1642612334.7761655,76.49882123055195,-0.008715357114039804,76.04566335176489,-14.447796356726734,45.19719716719981,-0.002409642885960193,,,
1258,1642612334.7797382,76.48096058177389,-0.013715305787161559,76.02950676648187,-14.429294355822227,45.20025786806042,-0.0024096942128384426,,,
1259,1642612334.7831485,76.46395432063498,-0.014715254460283309,76.00773325617048,-14.398476163571685,45.2035417169727,-0.002409745539716693,,,
1260,1642612334.7872179,76.44366189438227,-0.011965203133405057,75.99074444789409,-14.396976471303605,45.206211865790095,-0.0024097968665949426,,,
1261,1642612334.791287,76.42337065704604,-0.008715151806526803,75.97041412365022,-14.394748444235617,45.20815673475973,-0.002409848193473193,,,
1262,1642612334.7956839,76.40144465956816,-0.006965100479648552,75.95420610994293,-14.391741851639324,45.20971106314024,-0.0024098995203514426,,,
1263,1642612334.7982752,76.3885223264922,-0.011340049152770319,75.92834495973158,-14.388986422876247,45.2122417029043,-0.0024099508472296928,,,
1264,1642612334.8023474,76.36821563324189,-0.013839997825892044,75.91537759947144,-14.386733311382043,45.21533022997865,-0.0024100021741079425,,,
1265,1642612334.8064175,76.34791964023978,-0.012464946499013807,75.8951303384796,-14.385158324622475,45.21811190127851,-0.0024100535009861923,,,
1266,1642612334.8108304,76.32582421643113,-0.011589895172135569,75.87895080360157,-14.38348288680608,45.22069829655677,-0.0024101048278644425,,,
1267,1642612334.8134377,76.31267072703349,-0.008714843845257303,75.85864895818698,-14.341739622886307,45.222643096801924,-0.0024101561547426923,,,
1268,1642612334.8175173,76.2920901347618,-0.010964792518379056,75.84085030394715,-14.289443130836949,45.22508999448093,-0.0024102074816209425,,,
1269,1642612334.8215957,76.27151555633863,-0.015089741191500795,75.81969349749676,-14.287004219609896,45.22845741366705,-0.0024102588084991923,,,
1270,1642612334.826236,76.24810604974148,-0.014714689864622559,75.80342114337078,-14.285189346113322,45.23174113658444,-0.0024103101353774425,,,
1271,1642612334.828828,76.2350295376044,-0.011714638537744307,75.78301413796164,-14.283574171659483,45.23435536953051,-0.0024103614622556922,,,
1272,1642612334.8329012,76.21448142011452,-0.007964587210866052,75.763974206107,-14.281384902181262,45.23613274287595,-0.002410412789133942,,,
1273,1642612334.8361511,76.19808646638563,-0.009964535883987805,75.74267651347371,-14.278671459841728,45.23835642377881,-0.0024104641160121922,,,
1274,1642612334.8402226,76.17754676828362,-0.013089484557109572,75.72641968070687,-14.276132755455372,45.24127746668304,-0.002410515442890442,,,
1275,1642612334.8446681,76.15524848483324,-0.013339433230231321,75.70585984960779,-14.258394528970973,45.24425428800962,-0.002410566769768692,,,
1276,1642612334.847451,76.14144121704709,-0.01158938190335307,75.68786525692352,-14.236599587765395,45.24684056874707,-0.002410618096646942,,,
1277,1642612334.8515384,76.12116090528168,-0.008214330576474804,75.670726021602,-14.234216681853827,45.248673674698544,-0.002410669423525192,,,
1278,1642612334.855619,76.10091489875666,-0.007339279249596566,75.6502652290476,-14.231186427906753,45.250311504628414,-0.002410720750403442,,,
1279,1642612334.8592544,76.08287743994897,-0.011214227922718306,75.62982478477177,-14.228305574547983,45.25281406618897,-0.0024107720772816917,,,
1280,1642612334.8626862,76.06585021132372,-0.014089176595840046,75.60750032929431,-14.225972496098496,45.255958199874456,-0.002410823404159942,,,
1281,1642612334.8667548,76.04566335176489,-0.012839125268961821,75.59444870404492,-14.224361481347268,45.25882337272368,-0.0024108747310381917,,,
1282,1642612334.870011,76.02950676648187,-0.009714073942083555,75.57398072974517,-14.2224018992809,45.26099116066337,-0.002410926057916442,,,
1283,1642612334.8743947,76.00773325617048,-0.007464022615205303,75.55352113414835,-14.219595782004202,45.26265682826105,-0.0024109773847946917,,,
1284,1642612334.877808,75.99074444789409,-0.01108897128832707,75.53717189081735,-14.328700158477156,45.265131437612986,-0.0024110287116729415,,,
1285,1642612334.881893,75.97041412365022,-0.01496391996144881,75.5146299230277,-14.367024980882064,45.26847077859559,-0.0024110800385511917,,,
1286,1642612334.8851495,75.95420610994293,-0.01371386863457056,75.49844612154793,-14.365170222521366,45.271531158741944,-0.0024111313654294414,,,
1287,1642612334.8903456,75.92834495973158,-0.011213817307692307,75.47823827810795,-14.36323997704096,45.27403362866985,-0.0024111826923076916,,,
1288,1642612334.892951,75.91537759947144,-0.007838765980814068,75.46206039782,-14.360303109338648,45.27578292381178,-0.0024112340191859414,,,
1289,1642612334.8970191,75.8951303384796,-0.008338714653935817,75.43951249937312,-14.357341086170546,45.27764378725251,-0.0024112853460641916,,,
1290,1642612334.90027,75.87895080360157,-0.014588663327057546,75.42330264464935,-14.354630731463532,45.28089938615006,-0.0024113366729424414,,,
1291,1642612334.904349,75.85864895818698,-0.01396361200017931,75.40309243273265,-14.352700527321948,45.28401549890244,-0.002411387999820691,,,
1292,1642612334.9079156,75.84085030394715,-0.012213560673301057,75.38696429045598,-14.23148870737847,45.28674107106569,-0.0024114393266989414,,,
1293,1642612334.9121404,75.81969349749676,-0.009088509346422819,75.36430570445125,-14.186243629074966,45.288769258319405,-0.002411490653577191,,,
1294,1642612334.9153898,75.80342114337078,-0.008088458019544567,75.34570744704911,-14.183315196008923,45.290574274613284,-0.0024115419804554413,,,
1295,1642612334.9194648,75.78301413796164,-0.010963406692666306,75.32937303369218,-14.180585820049009,45.29302086303211,-0.002411593307333691,,,
1296,1642612334.923267,75.763974206107,-0.013588355365788073,75.30887985497812,-14.178528237553548,45.29605323369943,-0.002411644634211941,,,
1297,1642612334.9275198,75.74267651347371,-0.012713304038909808,75.28648576594672,-14.177018044224939,45.29889032834515,-0.002411695961090191,,,
1298,1642612334.930766,75.72641968070687,-0.010713252712031556,75.27340937153318,-14.174836077856162,45.301281092525294,-0.002411747287968441,,,
1299,1642612334.9348717,75.70585984960779,-0.0077132013851533045,75.25295332465267,-14.172007219304088,45.30300236673412,-0.002411798614846691,,,
1300,1642612334.938461,75.68786525692352,-0.011963150058275057,75.23249488216997,-14.207157178443923,45.305672057388286,-0.002411849941724941,,,
1301,1642612334.941875,75.670726021602,-0.01521309873139681,75.21034339215238,-14.274746745871042,45.30906700498204,-0.002411901268603191,,,
1302,1642612334.9459505,75.6502652290476,-0.01446304740451856,75.1974765961281,-14.273099724009946,45.31229457149241,-0.002411952595481441,,,
1303,1642612334.950022,75.62982478477177,-0.011712996077640307,75.17719213499004,-14.271327358659015,45.31490843790789,-0.0024120039223596906,,,
1304,1642612334.9544687,75.60750032929431,-0.008087944750762069,75.15650826111509,-14.268502031725456,45.31671333966097,-0.002412055249237941,,,
1305,1642612334.9570684,75.59444870404492,-0.00983789342388382,75.14027142012326,-14.265526290530111,45.31890875909502,-0.0024121065761161906,,,
1306,1642612334.9611454,75.57398072974517,-0.014087842097005546,75.11755006579877,-14.263152257859112,45.32205259497441,-0.0024121579029944408,,,
1307,1642612334.9652207,75.55352113414835,-0.01421279077012731,75.10132630081915,-14.261329792159152,45.32522431433794,-0.0024122092298726906,,,
1308,1642612334.9684772,75.53717189081735,-0.012087739443249073,75.08098596944707,-14.259557478267778,45.327921808297674,-0.0024122605567509408,,,
1309,1642612334.9730027,75.5146299230277,-0.009212688116370805,75.06477884666482,-14.202869228589051,45.32997770722431,-0.0024123118836291905,,,
1310,1642612334.976261,75.49844612154793,-0.00958763678949257,75.04207079702942,-14.180352174911805,45.33211727951152,-0.0024123632105074403,,,
1311,1642612334.9803293,75.47823827810795,-0.014587585462614298,75.0257109507572,-14.17756653374774,45.33537263787338,-0.0024124145373856905,,,
1312,1642612334.9835863,75.46206039782,-0.01471253413573606,75.00533254024471,-14.175379476079888,45.33865587971937,-0.0024124658642639403,,,
1313,1642612334.9881258,75.43951249937312,-0.01346248280885781,74.9887862842129,-14.17386582354103,45.341660160729106,-0.0024125171911421905,,,
1314,1642612334.9913893,75.42330264464935,-0.009587431481979571,74.9659140456988,-14.171554083599881,45.34379968719999,-0.0024125685180204403,,,
1315,1642612334.9954581,75.40309243273265,-0.007962380155101305,74.94956853863886,-14.168444256216484,45.34557656801996,-0.00241261984489869,,,
1316,1642612334.9987051,75.38696429045598,-0.011837328828223073,74.92918893319201,-14.16530949853855,45.34821818047062,-0.0024126711717769402,,,
1317,1642612335.003229,75.36430570445125,-0.014712277501344812,74.91289600324374,-14.16822639360288,45.351501365046204,-0.00241272249865519,,,
1318,1642612335.0069308,75.34570744704911,-0.01371222617446656,74.89090222266202,-14.176807493759966,45.35456137866197,-0.0024127738255334402,,,
1319,1642612335.0101821,75.32937303369218,-0.010337174847588322,74.87384527753291,-14.175142439153241,45.356868217491765,-0.00241282515241169,,,
1320,1642612335.0142612,75.30887985497812,-0.007587123520710068,74.85346049734292,-14.172478680929427,45.35856135622667,-0.00241287647928994,,,
1321,1642612335.0187187,75.28648576594672,-0.010962072193831808,74.83720089576498,-14.16988983650595,45.3610076468394,-0.00241292780616819,,,
1322,1642612335.0213215,75.27340937153318,-0.014212020866953562,74.81091004388158,-14.167775391419866,45.36417919439171,-0.0024129791330464397,,,
1323,1642612335.0253932,75.25295332465267,-0.014086969540075297,74.79794366215047,-14.16621024919873,45.367322835551725,-0.00241303045992469,,,
1324,1642612335.0294654,75.23249488216997,-0.01296191821319706,74.77755649470434,-14.164570213691398,45.3702154108137,-0.0024130817868029397,,,
1325,1642612335.0338864,75.21034339215238,-0.008211866886318805,74.76122408181409,-14.162031345972228,45.3720479669693,-0.00241313311368119,,,
1326,1642612335.036467,75.1974765961281,-0.00883681555944057,74.74081542906269,-14.17505658515559,45.37401998636191,-0.0024131844405594397,,,
1327,1642612335.0405354,75.17719213499004,-0.014086764232562297,74.72305604814277,-14.192758028547177,45.377163581705595,-0.0024132357674376895,,,
1328,1642612335.044684,75.15650826111509,-0.014836712905684047,74.70185860432113,-14.190688330249046,45.380474535224515,-0.0024132870943159397,,,
1329,1642612335.0479405,75.14027142012326,-0.011836661578805823,74.68563786883325,-14.188793861674476,45.38311599877212,-0.0024133384211941895,,,
1330,1642612335.0524976,75.11755006579877,-0.009086610251927571,74.66531194427007,-14.186123431644056,45.38514376222484,-0.0024133897480724397,,,
1331,1642612335.0557516,75.10132630081915,-0.00883655892504932,74.6431894041864,-14.182827228237647,45.38711572434705,-0.0024134410749506894,,,
1332,1642612335.0598311,75.08098596944707,-0.011711507598171059,74.62613286744248,-14.180181850108617,45.389729258594194,-0.0024134924018289396,,,
1333,1642612335.0630817,75.06477884666482,-0.014086456271292798,74.6098776045523,-14.17798704648274,45.3928727852134,-0.0024135437287071894,,,
1334,1642612335.0676188,75.04207079702942,-0.01396140494441456,74.58955048938903,-14.186871065384846,45.395988405440306,-0.002413595055585439,,,
1335,1642612335.070883,75.0257109507572,-0.010961353617536309,74.56721141874203,-14.206488783454748,45.3984345356959,-0.0024136463824636894,,,
1336,1642612335.074949,75.00533254024471,-0.00758630229065807,74.55248781173246,-14.203586469685435,45.40012749116552,-0.002413697709341939,,,
1337,1642612335.0782504,74.9887862842129,-0.011586250963779823,74.53213490471332,-14.200659077294025,45.40271307320404,-0.0024137490362201894,,,
1338,1642612335.082814,74.9659140456988,-0.015586199636901549,74.51594428240266,-14.198082940445111,45.40619128181146,-0.002413800363098439,,,
1339,1642612335.0860753,74.94956853863886,-0.015711148310023314,74.49271317451347,-14.196234393353143,45.40969737390302,-0.0024138516899766893,,,
1340,1642612335.0901415,74.92918893319201,-0.01296109698314506,74.47559482835655,-14.194360767602511,45.412589765899696,-0.002413903016854939,,,
1341,1642612335.0933924,74.91289600324374,-0.0070860456562668196,74.45941846044558,-14.191408327457518,45.414171084346044,-0.002413954343733189,,,
1342,1642612335.0977824,74.89090222266202,-0.008335994329388571,74.43917127355743,-14.173052603114526,45.41603134072049,-0.002414005670611439,,,
1343,1642612335.1011894,74.87384527753291,-0.013335943002510325,74.41249656160839,-14.133831846351397,45.41900738316958,-0.002414056997489689,,,
1344,1642612335.105261,74.85346049734292,-0.012960891675632061,74.39954533956907,-14.132215093497479,45.42189972934993,-0.002414108324367939,,,
1345,1642612335.1085088,74.83720089576498,-0.010585840348753824,74.38331428582302,-14.130923312844908,45.42426206025006,-0.002414159651246189,,,
1346,1642612335.1137602,74.81091004388158,-0.00783578902187557,74.36297122206005,-14.128431683015442,45.42601069105531,-0.0024142109781244386,,,
1347,1642612335.1163502,74.79794366215047,-0.008210737694997307,74.34673659161639,-14.125265142511394,45.42784299522113,-0.002414262305002689,,,
1348,1642612335.1204224,74.77755649470434,-0.012710686368119062,74.32391129971334,-14.122498565413437,45.430679505708724,-0.0024143136318809386,,,
1349,1642612335.1236846,74.76122408181409,-0.013460635041240811,74.3073333062993,-14.120306931229955,45.43368337437155,-0.002414364958759189,,,
1350,1642612335.1277611,74.74081542906269,-0.012960583714362562,74.28699978039663,-14.11881522532904,45.43657565182742,-0.0024144162856374386,,,
1351,1642612335.1313124,74.72305604814277,-0.010335532387484322,74.27079018683622,-14.082627177975317,45.43888212412663,-0.0024144676125156888,,,
1352,1642612335.1355572,74.70185860432113,-0.009460481060606058,74.24841775475349,-14.017269963419333,45.440993320404225,-0.0024145189393939386,,,
1353,1642612335.1388054,74.68563786883325,-0.013335429733727826,74.2313114354935,-14.014472708228181,45.44396924831251,-0.0024145702662721883,,,
1354,1642612335.1428757,74.66531194427007,-0.016460378406849566,74.21079105504224,-14.012122332940862,45.44764253822217,-0.0024146215931504385,,,
1355,1642612335.1473057,74.6431894041864,-0.013210327079971312,74.194456620925,-14.010616055033864,45.45059054828407,-0.0024146729200286883,,,
1356,1642612335.1507213,74.62613286744248,-0.010960275753093059,74.16746104846753,-14.008489134978369,45.45303643800396,-0.0024147242469069385,,,
1357,1642612335.1539764,74.6098776045523,-0.008960224426214808,74.15431619261511,-14.005567790104713,45.455035997258285,-0.0024147755737851883,,,
1358,1642612335.158047,74.58955048938903,-0.011585173099336574,74.13795534874183,-14.002547151030589,45.457621338761115,-0.0024148269006634385,,,
1359,1642612335.1625237,74.56721141874203,-0.014460121772458312,74.11728011108464,-14.023452475367696,45.46084825238887,-0.0024148782275416883,,,
1360,1642612335.165479,74.55248781173246,-0.014585070445580049,74.08231959246746,-14.216155804147176,45.46410304950077,-0.002414929554419938,,,
1361,1642612335.169564,74.53213490471332,-0.012835019118701826,74.078424790119,-14.214575703612983,45.466967306023534,-0.0024149808812981882,,,
1362,1642612335.1728137,74.51594428240266,-0.009209967791823558,74.06054770644126,-14.212113167455746,45.46902259788389,-0.002415032208176438,,,
1363,1642612335.1774764,74.49271317451347,-0.009334916464945322,74.04041648374121,-14.209146386765987,45.47110577322839,-0.002415083535054688,,,
1364,1642612335.1809123,74.47559482835655,-0.014709865138067064,74.02222261492557,-14.206482169368762,45.47438841946218,-0.002415134861932938,,,
1365,1642612335.184159,74.45941846044558,-0.015959813811188814,74.00376042437,-14.204196153447716,45.47795000362407,-0.0024151861888111878,,,
1366,1642612335.188223,74.43917127355743,-0.012084762484310575,73.98574858880524,-14.202490041005948,45.48064683324713,-0.002415237515689438,,,
1367,1642612335.193571,74.41249656160839,-0.008084711157432322,73.96551571117288,-14.200355322265347,45.48245101339311,-0.0024152888425676877,,,
1368,1642612335.196161,74.39954533956907,-0.006459659830554056,73.94924028369611,-14.13925510250347,45.48389254788818,-0.002415340169445938,,,
1369,1642612335.1994069,74.38331428582302,-0.012459608503675812,73.9268868733905,-14.025555137531873,45.48667302796365,-0.0024153914963241877,,,
1370,1642612335.203475,74.36297122206005,-0.01583455717679755,73.90866438316003,-14.023296489161,45.49020665991692,-0.002415442823202438,,,
1371,1642612335.2067215,74.34673659161639,-0.013834505849919299,73.89230457788811,-14.021087673975853,45.49329396140462,-0.0024154941500806877,,,
1372,1642612335.211286,74.32391129971334,-0.01095945452304106,73.87164157557321,-14.018679577262208,45.495739667859226,-0.0024155454769589375,,,
1373,1642612335.2146013,74.3073333062993,-0.007459403196162807,73.8490476975209,-14.01567361555561,45.49740430458964,-0.0024155968038371877,,,
1374,1642612335.2186675,74.28699978039663,-0.011084351869284574,73.83504585760116,-14.012767309950485,45.4998778830743,-0.0024156481307154374,,,
1375,1642612335.221909,74.27079018683622,-0.013959300542406313,73.81452761115007,-14.010234686598277,45.50299303368389,-0.0024156994575936877,,,
1376,1642612335.2263722,74.24841775475349,-0.01408424921552805,73.7940500399004,-14.008225214290375,45.506136067777625,-0.0024157507844719374,,,
1377,1642612335.2297697,74.2313114354935,-0.011834197888649825,73.77772492818264,-14.054282735654894,45.50877698152935,-0.0024158021113501876,,,
1378,1642612335.2338452,74.21079105504224,-0.007584146561771572,73.75916400360877,-14.119925905182884,45.51046945592758,-0.0024158534382284374,,,
1379,1642612335.2370894,74.194456620925,-0.010709095234893311,73.74111016103392,-14.117372350080542,45.51285929232718,-0.002415904765106687,,,
1380,1642612335.242451,74.16746104846753,-0.014709043908015064,73.72083399674885,-14.11509510067341,45.51614175529568,-0.0024159560919849374,,,
1381,1642612335.2450616,74.15431619261511,-0.015208992581136815,73.70048308272126,-14.113043921440726,45.519535786562976,-0.002416007418863187,,,
1382,1642612335.248311,74.13795534874183,-0.013333941254258576,73.68215159824561,-14.111444872263874,45.522511382302916,-0.0024160587457414374,,,
1383,1642612335.2524173,74.11728011108464,-0.008833889927380323,73.66336330978788,-14.109092300507172,45.524482748812915,-0.002416110072619687,,,
1384,1642612335.2593725,74.08231959246746,-0.007833838600502073,73.64329359717263,-14.106187148286237,45.52623094436309,-0.002416161399497937,,,
1385,1642612335.260158,74.078424790119,-0.012208787273623812,73.62727579520362,-14.03676292080023,45.52895545129683,-0.002416212726376187,,,
1386,1642612335.263764,74.06054770644126,-0.014708735946745564,73.60429846075009,-14.01123007825678,45.53223784554085,-0.002416264053254437,,,
1387,1642612335.2678244,74.04041648374121,-0.013208684619867312,73.58777173676435,-14.009541459420367,45.53518548907216,-0.002416315380132687,,,
1388,1642612335.2714942,74.02222261492557,-0.011333633292989075,73.56757784736241,-14.007528404571502,45.537714697076126,-0.002416366707010937,,,
1389,1642612335.275218,74.00376042437,-0.00845858196611081,73.55152160959419,-14.00479159523473,45.539602310046995,-0.002416418033889187,,,
1390,1642612335.278851,73.98574858880524,-0.010583530639232574,73.52997955029487,-14.001979923911776,45.54196412551349,-0.002416469360767437,,,
1391,1642612335.282932,73.96551571117288,-0.012708479312354313,73.51226108710841,-13.999492709128727,45.54480014347561,-0.0024165206876456866,,,
1392,1642612335.2862148,73.94924028369611,-0.012958427985476063,73.49210899216743,-13.997654397095113,45.54769193986009,-0.002416572014523937,,,
1393,1642612335.290705,73.9268868733905,-0.011333376658597825,73.47604558963447,-14.001177791037051,45.55022109059365,-0.0024166233414021866,,,
1394,1642612335.2943366,73.90866438316003,-0.011083325331719575,73.45030932605422,-14.010844127908726,45.55269443999669,-0.002416674668280437,,,
1395,1642612335.297597,73.89230457788811,-0.012083274004841327,73.43677858621861,-14.00747901634837,45.5553909374514,-0.0024167259951586866,,,
1396,1642612335.301715,73.87164157557321,-0.01508322267796305,73.4165695330497,-14.004763662678847,45.55875690196926,-0.0024167773220369363,,,
1397,1642612335.3062177,73.8490476975209,-0.0145831713510848,73.40053919593791,-14.003047930977624,45.56201127528018,-0.0024168286489151865,,,
1398,1642612335.3090081,73.83504585760116,-0.012708120024206564,73.38038142267497,-14.001757044500806,45.56484721306373,-0.0024168799757934363,,,
1399,1642612335.3130972,73.81452761115007,-0.010083068697328324,73.36249069827748,-13.999341605111123,45.56709734569063,-0.0024169313026716865,,,
1400,1642612335.3171782,73.7940500399004,-0.00945801737045006,73.34092093876691,-13.996151476926508,45.569207992172345,-0.0024169826295499363,,,
1401,1642612335.3204317,73.77772492818264,-0.011957966043571813,73.32485601753251,-13.993386193969762,45.57187652596435,-0.0024170339564281865,,,
1402,1642612335.3241434,73.75916400360877,-0.012707914716693563,73.30466604525886,-13.965063282687161,45.574712417931586,-0.0024170852833064363,,,
1403,1642612335.3277712,73.74111016103392,-0.011332863389815326,73.28705949872088,-13.93020986958218,45.57724145412434,-0.002417136610184686,,,
1404,1642612335.3318455,73.72083399674885,-0.010207812062937062,73.26547882494411,-13.927680360656005,45.57951942441905,-0.0024171879370629363,,,
1405,1642612335.3359349,73.70048308272126,-0.007957760736058809,73.2493331418771,-13.924578535731762,45.58129527437175,-0.002417239263941186,,,
1406,1642612335.3396184,73.68215159824561,-0.011707709409180563,73.22912259356794,-13.921775326008943,45.58390796101691,-0.0024172905908194362,,,
1407,1642612335.3433938,73.66336330978788,-0.014457658082302316,73.20715986557425,-13.919370266465668,45.5871343248488,-0.002417341917697686,,,
1408,1642612335.3474267,73.64329359717263,-0.013582606755424078,73.1895326744623,-13.917263822119237,45.59016541265907,-0.002417393244575936,,,
1409,1642612335.3506453,73.62727579520362,-0.010957555428545812,73.17338699139529,-13.914958318000867,45.592610695312686,-0.002417444571454186,,,
1410,1642612335.3552406,73.60429846075009,-0.008457504101667561,73.1532291402195,-13.952195851481093,45.59449806774786,-0.0024174958983324358,,,
1411,1642612335.3585403,73.58777173676435,-0.010082452774789325,73.13160442313658,-14.021956993343334,45.596748062925776,-0.002417547225210686,,,
1412,1642612335.3625722,73.56757784736241,-0.013707401447911065,73.11423596338001,-14.019156116609153,45.59980699985795,-0.0024175985520889357,,,
1413,1642612335.365778,73.55152160959419,-0.0140823501210328,73.09418976707822,-14.017383787442744,45.602949610150695,-0.002417649878967186,,,
1414,1642612335.370079,73.52997955029487,-0.012457298794154564,73.07819700338173,-14.015586382283615,45.60572957479252,-0.0024177012058454357,,,
1415,1642612335.3736167,73.51226108710841,-0.009207247467276311,73.0524211161493,-14.012609932519572,45.607784259586595,-0.0024177525327236855,,,
1416,1642612335.3776402,73.49210899216743,-0.010457196140398061,73.04030477407973,-14.009758924430447,45.61011788230877,-0.0024178038596019357,,,
1417,1642612335.3808475,73.47604558963447,-0.015832144813519803,73.01885318188928,-14.007133703115441,45.61365097592025,-0.0024178551864801855,,,
1418,1642612335.385988,73.45030932605422,-0.016832093486641553,73.00285685421335,-14.005261080353906,45.61740721758339,-0.0024179065133584357,,,
1419,1642612335.388693,73.43677858621861,-0.013582042159763328,72.98276195019268,-13.961111569404702,45.620438179398775,-0.0024179578402366854,,,
1420,1642612335.3927333,73.4165695330497,-0.008581990832885075,72.96475279604363,-13.902145746565441,45.622353332231356,-0.0024180091671149356,,,
1421,1642612335.3959382,73.40053919593791,-0.006456939506006809,72.94319449588248,-13.89926521219511,45.623794259660144,-0.0024180604939931854,,,
1422,1642612335.3999681,73.38038142267497,-0.012081888179128577,72.92707662145298,-13.896235238897482,45.62649044785467,-0.002418111820871435,,,
1423,1642612335.403545,73.36249069827748,-0.015956836852250317,72.90689188820187,-13.893354724985754,45.63005136767988,-0.0024181631477496854,,,
1424,1642612335.4078572,73.34092093876691,-0.01383178552537205,72.88504403822172,-13.891420732511936,45.6331380621013,-0.002418214474627935,,,
1425,1642612335.411069,73.32485601753251,-0.010331734198493826,72.86780505560867,-13.889412025729706,45.63544368679853,-0.0024182658015061854,,,
1426,1642612335.4151053,73.30466604525886,-0.007331682871615574,72.85125764239808,-13.886431909716089,45.637079821524445,-0.002418317128384435,,,
1427,1642612335.4186187,73.28705949872088,-0.012706631544737314,72.83104060400187,-13.883302354806167,45.639915427139655,-0.002418368455262685,,,
1428,1642612335.4229147,73.26547882494411,-0.015581580217859053,72.80910780345498,-14.01081712005131,45.64339260487981,-0.002418419782140935,,,
1429,1642612335.4261289,73.2493331418771,-0.014081528890980802,72.79206217436405,-14.013141085576793,45.64653503190726,-0.002418471109019185,,,
1430,1642612335.4301522,73.22912259356794,-0.012081477564102577,72.77541392484768,-14.011339325641597,45.64923112846915,-0.002418522435897435,,,
1431,1642612335.4345243,73.20715986557425,-0.010581426237224327,72.75541445818902,-14.008607049694914,45.65159247431833,-0.002418573762775685,,,
1432,1642612335.4380333,73.1895326744623,-0.011581374910346078,72.72961316722743,-14.005723887904756,45.65417696821917,-0.002418625089653935,,,
1433,1642612335.4412475,73.17338699139529,-0.015081323583467802,72.71739568181825,-14.003268275564038,45.65754250893605,-0.002418676416532185,,,
1434,1642612335.4452603,73.1532291402195,-0.016081272256589556,72.69995702854166,-14.00124021268426,45.661131197704584,-0.0024187277434104346,,,
1435,1642612335.4495776,73.13160442313658,-0.013956220929711317,72.67994334172539,-13.99943850437988,45.66424566106934,-0.002418779070288685,,,
1436,1642612335.4530632,73.11423596338001,-0.008831169602833075,72.65377825173172,-13.905278544471168,45.66621642051306,-0.0024188303971669346,,,
1437,1642612335.4570863,73.09418976707822,-0.008956118275954812,72.64162242332671,-13.850735716687613,45.66821506344092,-0.002418881724045185,,,
1438,1642612335.460296,73.07819700338173,-0.014831066949076554,72.62415859646701,-13.847633079817879,45.67152475701096,-0.0024189330509234346,,,
1439,1642612335.465469,73.0524211161493,-0.014206015622198316,72.60396271689642,-13.845127884394703,45.674694964435815,-0.002418984377801685,,,
1440,1642612335.4679005,73.04030477407973,-0.01308096429532008,72.58370817361731,-13.843319702281681,45.67761410596263,-0.0024190357046799346,,,
1441,1642612335.4722056,73.01885318188928,-0.009330912968441827,72.56556193218915,-13.841312386657675,45.679696387888825,-0.0024190870315581843,,,
1442,1642612335.475416,73.00285685421335,-0.006830861641563574,72.54801549725012,-13.838732542987902,45.68122075959658,-0.0024191383584364345,,,
1443,1642612335.4794488,72.98276195019268,-0.011705810314685315,72.52778848999745,-13.836078030654857,45.68383302244075,-0.0024191896853146843,,,
1444,1642612335.483052,72.96475279604363,-0.014455758987807066,72.50760937148644,-13.833622672267529,45.687058962471646,-0.0024192410121929345,,,
1445,1642612335.4873478,72.94319449588248,-0.015205707660928817,72.48560329748163,-13.850268668278403,45.690452260677766,-0.0024192923390711843,,,
1446,1642612335.4905596,72.92707662145298,-0.014455656334050566,72.4734225058629,-13.85875105342785,45.6936781778005,-0.0024193436659494345,,,
1447,1642612335.4945817,72.90689188820187,-0.009705605007172312,72.4519420144797,-13.855691828419172,45.695844075816865,-0.0024193949928276843,,,
1448,1642612335.4989352,72.88504403822172,-0.010080553680294077,72.43173506057228,-13.852482939484267,45.6980936471938,-0.002419446319705934,,,
1449,1642612335.5023704,72.86780505560867,-0.014955502353415816,72.40985076462358,-13.84982286606705,45.701431109707165,-0.0024194976465841843,,,
1450,1642612335.5056677,72.85125764239808,-0.01570545102653757,72.39769839764084,-13.847661716743762,45.704935930395756,-0.002419548973462434,,,
1451,1642612335.5096962,72.83104060400187,-0.01333039969965933,72.37616175591864,-13.845625306151522,45.70791073580412,-0.0024196003003406842,,,
1452,1642612335.5140667,72.80910780345498,-0.009455348372781062,72.35599900546958,-13.843089991913159,45.710020786673645,-0.002419651627218934,,,
1453,1642612335.5174952,72.79206217436405,-0.008955297045902812,72.33985757504253,-13.869142071285008,45.71201924633621,-0.0024197029540971838,,,
1454,1642612335.5208447,72.77541392484768,-0.01358024571902458,72.31785079933466,-13.920588989887982,45.71504980725877,-0.002419754280975434,,,
1455,1642612335.5248685,72.75541445818902,-0.014330194392146303,72.3003661477403,-13.918314565344401,45.71824772635656,-0.0024198056078536838,,,
1456,1642612335.5300596,72.72961316722743,-0.012205143065268065,72.28032464938356,-13.916316197523518,45.72097142005056,-0.002419856934731934,,,
1457,1642612335.5325177,72.71739568181825,-0.010080091738389828,72.26427933744364,-13.91404179360112,45.72322088834077,-0.0024199082616101837,,,
1458,1642612335.5360262,72.69995702854166,-0.008955040411511562,72.2423982870038,-13.91086397530686,45.72521929073293,-0.002419959588488434,,,
1459,1642612335.540053,72.67994334172539,-0.013829989084633303,72.2249837022738,-13.907912023487176,45.72830558426153,-0.0024200109153666837,,,
1460,1642612335.5453172,72.65377825173172,-0.01620493775775507,72.2049232027335,-13.905211033271257,45.73192187016218,-0.0024200622422449335,,,
1461,1642612335.547747,72.64162242332671,-0.015579886430876804,72.18889095410728,-13.841715235616372,45.73539866991767,-0.0024201135691231837,,,
1462,1642612335.5512247,72.62415859646701,-0.01257983510399858,72.1709384605517,-13.759256111652427,45.73820597970184,-0.0024201648960014335,,,
1463,1642612335.5552466,72.60396271689642,-0.009079783777120327,72.14922736445914,-13.756632440512494,45.740232219761815,-0.0024202162228796837,,,
1464,1642612335.5592802,72.58370817361731,-0.010079732450242077,72.12898367209807,-13.753661039289279,45.74248160787346,-0.0024202675497579334,,,
1465,1642612335.5628939,72.56556193218915,-0.012954681123363817,72.11283023265656,-13.751062227130353,45.74537256811004,-0.002420318876636183,,,
1466,1642612335.5663881,72.54801549725012,-0.013329629796485581,72.09081077780768,-13.748935358397494,45.74834720170719,-0.0024203702035144334,,,
1467,1642612335.5704162,72.52778848999745,-0.01232957846960733,72.0734203038223,-13.74710656292534,45.751098664344525,-0.002420421530392683,,,
1468,1642612335.5744348,72.50760937148644,-0.010329527142729078,72.05681212520317,-13.74430907265239,45.75340379651628,-0.0024204728572709334,,,
1469,1642612335.5788171,72.48560329748163,-0.01057947581585083,72.03659122979296,-13.74121352947279,45.75576470711039,-0.002420524184149183,,,
1470,1642612335.5812461,72.4734225058629,-0.015329424488972555,72.00221702741906,-13.738267028071832,45.75918561390271,-0.0024205755110274334,,,
1471,1642612335.585533,72.4519420144797,-0.016079373162094304,71.99830195106925,-13.96465152340069,45.76277387887026,-0.002420626837905683,,,
1472,1642612335.5895655,72.43173506057228,-0.013329321835216082,71.98043363402445,-13.969545852706293,45.76574844374293,-0.002420678164783933,,,
1473,1642612335.5939329,72.40985076462358,-0.010829270508337829,71.96005624502673,-13.967104768634306,45.768165098397155,-0.002420729491662183,,,
1474,1642612335.596358,72.39769839764084,-0.010204219181459565,71.94008937654372,-13.963905788251289,45.77044226690621,-0.002420780818540433,,,
1475,1642612335.600656,72.37616175591864,-0.012704167854581316,71.9224110419646,-13.96090892668545,45.77327732272555,-0.002420832145418683,,,
1476,1642612335.6046798,72.35599900546958,-0.014329116527703054,71.90509486197746,-13.958265765304315,45.776475001287636,-0.002420883472296933,,,
1477,1642612335.607901,72.33985757504253,-0.012704065200824816,71.88516692216396,-13.956052094734721,45.779310034198815,-0.002420934799175183,,,
1478,1642612335.612302,72.31785079933466,-0.011329013873946579,71.8651988740243,-13.871234973690937,45.78183821133551,-0.002420986126053433,,,
1479,1642612335.6158123,72.3003661477403,-0.009953962547068314,71.84752129537209,-13.763469544949823,45.784059532697725,-0.0024210374529316826,,,
1480,1642612335.6198359,72.28032464938356,-0.011328911220190079,71.8300979503889,-13.760363327087756,45.786587686926254,-0.002421088779809933,,,
1481,1642612335.6230571,72.26427933744364,-0.015828859893311807,71.8098576001367,-13.757506370917476,45.79012004747656,-0.0024211401066881826,,,
1482,1642612335.62745,72.2423982870038,-0.014703808566433569,71.78970572967646,-13.755272553684334,45.793401342128824,-0.002421191433566433,,,
1483,1642612335.6309462,72.2249837022738,-0.013453757239555317,71.76752958505644,-13.753337848442161,45.79640367594482,-0.0024212427604446826,,,
1484,1642612335.6349735,72.2049232027335,-0.009578705912677078,71.75027124292858,-13.750780024751391,45.79854125522198,-0.0024212940873229324,,,
1485,1642612335.6381922,72.18889095410728,-0.009578654585798829,71.73373150019235,-13.747748633492769,45.800678823045054,-0.0024213454142011826,,,
1486,1642612335.6417804,72.1709384605517,-0.013203603258920567,71.71354854223763,-13.745066204538748,45.803625332622374,-0.0024213967410794323,,,
1487,1642612335.6460946,72.14922736445914,-0.014953551932042319,71.69167251150662,-13.796563548242666,45.806962359880664,-0.0024214480679576825,,,
1488,1642612335.6501172,72.12898367209807,-0.013078500605164082,71.67450862021042,-13.79648857648572,45.8098809516116,-0.0024214993948359323,,,
1489,1642612335.653327,72.11283023265656,-0.010703449278285815,71.6578112472883,-13.793845440504851,45.81226952806232,-0.0024215507217141825,,,
1490,1642612335.6577024,72.09081077780768,-0.009203397951407564,71.63771390291673,-13.790526629116984,45.81432335380033,-0.0024216020485924323,,,
1491,1642612335.661158,72.0734203038223,-0.014078346624529305,71.62139284907623,-13.787608234328161,45.81746507067478,-0.002421653375470682,,,
1492,1642612335.6644583,72.05681212520317,-0.015578295297651056,71.60344147617643,-13.785190357732679,45.82094151535376,-0.0024217047023489323,,,
1493,1642612335.6684763,72.03659122979296,-0.014828243970772806,71.58194484408048,-13.783323050120588,45.82425057894935,-0.002421756029227182,,,
1494,1642612335.6753068,72.00221702741906,-0.010703192643894566,71.56185464500794,-13.780855143274836,45.82663909812966,-0.0024218073561054322,,,
1495,1642612335.6760848,71.99830195106925,-0.007953141317016313,71.54577176780137,-13.76432935466309,45.828413917215094,-0.002421858682983682,,,
1496,1642612335.6796944,71.98043363402445,-0.012078089990138081,71.52400191859671,-13.737496455815135,45.83110925780764,-0.002421910009861932,,,
1497,1642612335.6838129,71.96005624502673,-0.015828038663259807,71.50651097866411,-13.734960319836137,45.83464143509266,-0.002421961336740182,,,
1498,1642612335.6878483,71.94008937654372,-0.014827987336381555,71.48635006728905,-13.733147985274783,45.837950441417846,-0.0024220126636184318,,,
1499,1642612335.6914213,71.9224110419646,-0.013077936009503332,71.47023710009555,-13.731160952754113,45.8408689071539,-0.002422063990496682,,,
1500,1642612335.694921,71.90509486197746,-0.010952884682625067,71.44835193167087,-13.728350306033322,45.84331314748616,-0.0024221153173749317,,,
1501,1642612335.6989486,71.88516692216396,-0.012577833355746831,71.43084785681616,-13.725439836286872,45.84612001056118,-0.002422166644253182,,,
1502,1642612335.7029843,71.8651988740243,-0.01570278202886857,71.41070605078237,-13.722729043328254,45.84962423563757,-0.0024222179711314317,,,
1503,1642612335.706536,71.84752129537209,-0.015577730701990308,71.3946145770978,-13.720342718725465,45.853100554321664,-0.0024222692980096815,,,
1504,1642612335.7100103,71.8300979503889,-0.014327679375112055,71.37279866553523,-13.799656714269892,45.856297912169495,-0.0024223206248879317,,,
1505,1642612335.7140462,71.8098576001367,-0.011202628048233817,71.35574576983609,-13.799572907856222,45.85879788510778,-0.0024223719517661815,,,
1506,1642612335.7180645,71.78970572967646,-0.009702576721355565,71.33530525465841,-13.796443774700995,45.86096310733338,-0.0024224232786444317,,,
1507,1642612335.7224865,71.76752958505644,-0.012827525394477332,71.3193509002757,-13.793615985968097,45.86382569156035,-0.0024224746055226815,,,
1508,1642612335.7259278,71.75027124292858,-0.01520247406759907,71.29352343169897,-13.791641987582056,45.867218268159384,-0.0024225259324009317,,,
1509,1642612335.7292259,71.73373150019235,-0.013452422740720818,71.28145589652352,-13.790094889519192,45.87022030416929,-0.0024225772592791814,,,
1510,1642612335.7332504,71.71354854223763,-0.01057737141384258,71.26005050073042,-13.787844688804846,45.87258074514609,-0.002422628586157431,,,
1511,1642612335.7376125,71.69167251150662,-0.008702320086964314,71.24406884960212,-13.784690496030175,45.87452275059553,-0.0024226799130356814,,,
1512,1642612335.7410483,71.67450862021042,-0.013202268760086068,71.2240093020475,-13.732758140226862,45.87746896236675,-0.002422731239913931,,,
1513,1642612335.7443912,71.6578112472883,-0.016577217433207808,71.20608667445666,-13.666108053937416,45.88116832601578,-0.0024227825667921814,,,
1514,1642612335.7484148,71.63771390291673,-0.014577166106329555,71.18449661358098,-13.664000805079517,45.884421359199244,-0.002422833893670431,,,
1515,1642612335.7516823,71.62139284907623,-0.012077114779451332,71.16814522069365,-13.661868660378456,45.88711648216425,-0.002422885220548681,,,
1516,1642612335.7552762,71.60344147617643,-0.00932706345257308,71.14790969891408,-13.658889719950235,45.889197905034386,-0.002422936547426931,,,
1517,1642612335.75958,71.58194484408048,-0.012327012125694831,71.12606476451589,-13.655636823115815,45.891948794967675,-0.002422987874305181,,,
1518,1642612335.763602,71.56185464500794,-0.01695196079881657,71.10862208218009,-13.652981681884823,45.89573178616096,-0.002423039201183431,,,
1519,1642612335.7668219,71.54577176780137,-0.015201909471938321,71.09207444864631,-13.65089939022235,45.899124236765104,-0.002423090528061681,,,
1520,1642612335.771176,71.52400191859671,-0.012701858145060068,71.07188080749252,-13.64899145117624,45.9019587771508,-0.002423141854939931,,,
1521,1642612335.7746685,71.50651097866411,-0.00907680681818183,71.05002510379056,-13.714088887110144,45.9039843528741,-0.002423193181818181,,,
1522,1642612335.778694,71.48635006728905,-0.009951755491303567,71.03290309561088,-13.713277392558158,45.90620518171084,-0.0024232445086964306,,,
1523,1642612335.7819111,71.47023710009555,-0.014076704164425306,71.01644084372715,-13.710533624537058,45.9093465320547,-0.002423295835574681,,,
1524,1642612335.7862809,71.44835193167087,-0.014576652837547057,70.99637018242345,-13.708165368140627,45.91259945069735,-0.0024233471624529306,,,
1525,1642612335.7897758,71.43084785681616,-0.013576601510668834,70.97457686574835,-13.705797122025995,45.915629198380174,-0.002423398489331181,,,
1526,1642612335.7937975,71.41070605078237,-0.011951550183790568,70.95743483762617,-13.702803050598387,45.91829630041208,-0.0024234498162094306,,,
1527,1642612335.7970104,71.3946145770978,-0.010951498856912318,70.94095115671917,-13.699608722080704,45.92074023148416,-0.002423501143087681,,,
1528,1642612335.8013663,71.37279866553523,-0.01295144753003407,70.92088406691934,-13.69678990518516,45.92363047011365,-0.0024235524699659306,,,
1529,1642612335.8047915,71.35574576983609,-0.015576396203155807,70.8950847133923,-13.69950113604415,45.92710649099165,-0.0024236037968441804,,,
1530,1642612335.8088977,71.33530525465841,-0.014076344876277557,70.8829581805064,-13.701021838104598,45.93024776115694,-0.0024236551237224306,,,
1531,1642612335.8121028,71.3193509002757,-0.009826293549399331,70.86554091638932,-13.698727373599079,45.932440591968735,-0.0024237064506006803,,,
1532,1642612335.8172913,71.29352343169897,-0.007701242222521065,70.84547994977423,-13.695481076697204,45.93415919737674,-0.0024237577774789305,,,
1533,1642612335.8197155,71.28145589652352,-0.011201190895642818,70.82536544282952,-13.692134596103257,45.93665884960077,-0.0024238091043571803,,,
1534,1642612335.8240156,71.26005050073042,-0.015701139568764573,70.80754246199243,-13.689589677551453,45.94016270814658,-0.00242386043123543,,,
1535,1642612335.8272262,71.24406884960212,-0.015701088241886322,70.79013352637105,-13.687645933080764,45.9436665552383,-0.0024239117581136803,,,
1536,1642612335.831256,71.2240093020475,-0.014326036915008057,70.77000236243491,-13.685426665479179,45.94686354655555,-0.00242396308499193,,,
1537,1642612335.8348436,71.20608667445666,-0.01057598558812983,70.7491168747437,-13.682205468500555,45.94922367827217,-0.0024240144118701803,,,
1538,1642612335.8391454,71.18449661358098,-0.010700934261251568,70.72747230415705,-13.659248032984996,45.95161169347293,-0.00242406573874843,,,
1539,1642612335.8424034,71.16814522069365,-0.01495088293437332,70.71030388836651,-13.655886523777657,45.95494812511902,-0.0024241170656266802,,,
1540,1642612335.8464353,71.14790969891408,-0.01632583160749506,70.69379008135658,-13.653520532604013,45.95859138963143,-0.00242416839250493,,,
1541,1642612335.8507879,71.12606476451589,-0.013325780280616834,70.67369087530683,-13.65140466384808,45.96156516417253,-0.00242421971938318,,,
1542,1642612335.8542633,71.10862208218009,-0.010450728953738567,70.65191752979182,-13.648413412830608,45.96389734368052,-0.00242427104626143,,,
1543,1642612335.8575604,71.09207444864631,-0.00957567762686033,70.63477696309596,-13.644996981412532,45.96603424716691,-0.0024243223731396798,,,
1544,1642612335.861584,71.07188080749252,-0.013075626299982084,70.61824766582762,-13.641955728500927,45.96895219746933,-0.00242437370001793,,,
1545,1642612335.8659387,71.05002510379056,-0.01445057497310382,70.59815203445288,-13.639364687747745,45.97217698063807,-0.0024244250268961797,,,
1546,1642612335.8693671,71.03290309561088,-0.01370052364622557,70.582050506628,-13.637844793140104,45.975234382723414,-0.00242447635377443,,,
1547,1642612335.872664,71.01644084372715,-0.011825472319347333,70.55953300813535,-13.636521488632642,45.9778733492814,-0.0024245276806526797,,,
1548,1642612335.8766835,70.99637018242345,-0.011825420992469082,70.54187304276103,-13.63375519460383,45.980512304385314,-0.0024245790075309295,,,
1549,1642612335.881048,70.97457686574835,-0.014950369665590822,70.52176460694785,-13.630588701687055,45.9838486214906,-0.0024246303344091797,,,
1550,1642612335.884481,70.95743483762617,-0.015950318338712573,70.50564402055501,-13.627647336701981,45.987408086647555,-0.0024246816612874295,,,
1551,1642612335.887782,70.94095115671917,-0.014075267011834307,70.4876754645025,-13.62548138728326,45.99054911627715,-0.0024247329881656797,,,
1552,1642612335.8918009,70.92088406691934,-0.012825215684956084,70.46613607345965,-13.62339048735494,45.993411185070485,-0.0024247843150439295,,,
1553,1642612335.8969676,70.8950847133923,-0.007200164358077816,70.4500893581944,-13.62039912702531,45.99501797018992,-0.0024248356419221792,,,
1554,1642612335.8993971,70.8829581805064,-0.011450113031199569,70.43002143235444,-13.61738276390569,45.997573171754695,-0.0024248869688004294,,,
1555,1642612335.9028873,70.86554091638932,-0.016200061704321325,70.40805192071382,-13.512918459921849,46.00118836951768,-0.002424938295678679,,,
1556,1642612335.9069073,70.84547994977423,-0.016700010377443075,70.39079327270542,-13.507792674644366,46.00491513557945,-0.0024249896225569294,,,
1557,1642612335.910938,70.82536544282952,-0.01269995905056482,70.37418760462845,-13.505544151871872,46.00774925216417,-0.002425040949435179,,,
1558,1642612335.9145095,70.80754246199243,-0.009699907723686568,70.35217638935822,-13.502377269354275,46.00991387877756,-0.0024250922763134294,,,
1559,1642612335.917998,70.79013352637105,-0.011074856396808334,70.33018438527304,-13.499210397033293,46.012385338257275,-0.002425143603191679,,,
1560,1642612335.922032,70.77000236243491,-0.01607480506993006,70.31259654536042,-13.49631656380534,46.01597258381163,-0.002425194930069929,,,
1561,1642612335.9262173,70.7491168747437,-0.015949753743051822,70.29590442695073,-13.4940184401792,46.0195319229737,-0.002425246256948179,,,
1562,1642612335.9305546,70.72747230415705,-0.013824702416173559,70.27566424280224,-13.491943714037902,46.02261703673197,-0.002425297583826429,,,
1563,1642612335.93399,70.71030388836651,-0.011824651089295334,70.25360019677314,-13.584993371578683,46.02525582002467,-0.002425348910704679,,,
1564,1642612335.9372942,70.69379008135658,-0.010574599762417083,70.23644349987381,-13.585097403580841,46.02761564248111,-0.002425400237582929,,,
1565,1642612335.941316,70.67369087530683,-0.014949548435538824,70.21991974770393,-13.58233255606743,46.0309517763211,-0.0024254515644611787,,,
1566,1642612335.9456725,70.65191752979182,-0.01707449710866056,70.19982709393278,-13.579717728249863,46.03476211265672,-0.002425502891339429,,,
1567,1642612335.9491022,70.63477696309596,-0.015199445781782324,70.18370385977826,-13.577577940585506,46.03815401346499,-0.0024255542182176786,,,
1568,1642612335.9524095,70.61824766582762,-0.01294939445490407,70.16125101055938,-13.574813123877492,46.04104379393125,-0.002425605545095929,,,
1569,1642612335.9564304,70.59815203445288,-0.009324343128025832,70.14374265160171,-13.571498282812232,46.0431246097351,-0.0024256568719741786,,,
1570,1642612335.9596522,70.582050506628,-0.009949291801147567,70.12360708518605,-13.568233455177616,46.045344888775965,-0.002425708198852429,,,
1571,1642612335.9641578,70.55953300813535,-0.013824240474269308,70.1075124594612,-13.598645284730676,46.04842989944751,-0.0024257595257306786,,,
1572,1642612335.9676917,70.54187304276103,-0.01582418914739106,70.089402485058,-13.641321853075468,46.051961217676464,-0.0024258108526089284,,,
1573,1642612335.9717155,70.52176460694785,-0.014699137820512822,70.06801566079734,-13.639446407898312,46.055241470007374,-0.0024258621794871786,,,
1574,1642612335.9749413,70.50564402055501,-0.010824086493634583,70.0520783581743,-13.636917189399567,46.057656967799446,-0.0024259135063654283,,,
1575,1642612335.9785368,70.4876754645025,-0.01044903516675632,70.03209717390108,-13.633935361792988,46.05998876932277,-0.0024259648332436786,,,
1576,1642612335.982847,70.46613607345965,-0.014948983839878072,70.00307296002914,-13.631003835554413,46.06332477716788,-0.0024260161601219283,,,
1577,1642612335.986058,70.4500893581944,-0.01507393251299981,69.99503497487338,-13.628550084621804,46.06668866849712,-0.0024260674870001785,,,
1578,1642612335.9900737,70.43002143235444,-0.013948881186121573,69.976613505797,-13.626649545528373,46.06980149392832,-0.0024261188138784283,,,
1579,1642612335.99447,70.40805192071382,-0.010823829859243333,69.95661809919676,-13.624095233134673,46.07221693444998,-0.002426170140756678,,,
1580,1642612335.9978976,70.39079327270542,-0.011323778532365084,69.93076901983268,-13.57600723399202,46.074743943270434,-0.0024262214676349283,,,
1581,1642612336.001195,70.37418760462845,-0.015948727205486825,69.91864256796752,-13.54788829077493,46.07830305335088,-0.002426272794513178,,,
1582,1642612336.0055656,70.35217638935822,-0.015948675878608574,69.90120065766432,-13.545146982060896,46.08186215197725,-0.0024263241213914283,,,
1583,1642612336.0099325,70.33018438527304,-0.01457362455173031,69.88110928294516,-13.542931030392555,46.085114394829134,-0.002426375448269678,,,
1584,1642612336.0134249,70.31259654536042,-0.011573573224852085,69.85516144821297,-13.54048994038561,46.0876971477097,-0.002426426775147928,,,
1585,1642612336.0167394,70.29590442695073,-0.010448521897973819,69.84299464062288,-13.537398431274408,46.09002883469222,-0.002426478102026178,,,
1586,1642612336.0207584,70.27566424280224,-0.011948470571095571,69.82557298252071,-13.534657163629072,46.092695249479284,-0.002426529428904428,,,
1587,1642612336.0251396,70.25360019677314,-0.013573419244217337,69.80546492951835,-13.532166071400495,46.0957242870091,-0.002426580755782678,,,
1588,1642612336.0285704,70.23644349987381,-0.013823367917339058,69.78530207644263,-13.528192301883102,46.09880910296127,-0.0024266320826609278,,,
1589,1642612336.0318754,70.21991974770393,-0.013073316590460836,69.7671609287255,-13.52346695630936,46.101726537830054,-0.002426683409539178,,,
1590,1642612336.0358942,70.19982709393278,-0.010698265263582571,69.74973644659848,-13.520326404241882,46.10411395741861,-0.0024267347364174277,,,
1591,1642612336.039119,70.18370385977826,-0.013823213936704309,69.72958901674473,-13.517135844359974,46.10719873900854,-0.0024267860632956775,,,
1592,1642612336.0436099,70.16125101055938,-0.01657316260982606,69.7094141786644,-13.514370448409645,46.110897197785185,-0.0024268373901739277,,,
1593,1642612336.0471117,70.14374265160171,-0.016323111282947812,69.68735174793675,-13.512205279685267,46.11453985523132,-0.0024268887170521775,,,
1594,1642612336.051139,70.12360708518605,-0.014448059956069573,69.67012508170585,-13.510240193530295,46.1177640771501,-0.0024269400439304277,,,
1595,1642612336.0543582,70.1075124594612,-0.010573008629191335,69.65358362113922,-13.507524846475697,46.12012354453003,-0.0024269913708086775,,,
1596,1642612336.0579894,70.089402485058,-0.009322957302313084,69.63347074948419,-13.504534410248729,46.1222040510737,-0.0024270426976869272,,,
1597,1642612336.0622916,70.06801566079734,-0.012572905975434836,69.611622817921,-13.41121339283325,46.12500981455696,-0.0024270940245651774,,,
1598,1642612336.0654976,70.0520783581743,-0.01482285464855656,69.59439993162876,-13.406294744563839,46.12831767547407,-0.0024271453514434272,,,
1599,1642612336.0695171,70.03209717390108,-0.01457280332167831,69.57781567611207,-13.404566782450747,46.131569735060665,-0.0024271966783216774,,,
1600,1642612336.0753558,70.00307296002914,-0.012197751994800072,69.55750563278123,-13.402193076775156,46.13429177936703,-0.002427248005199927,,,
1601,1642612336.0769727,69.99503497487338,-0.009447700667921818,69.53565367726321,-13.39890042402325,46.13640012357852,-0.0024272993320781774,,,
1602,1642612336.0806785,69.976613505797,-0.012697649341043572,69.51833146377366,-13.39578163825654,46.13923372472959,-0.002427350658956427,,,
1603,1642612336.0847008,69.95661809919676,-0.016572598014165312,69.50170401071709,-13.392960902890097,46.14293205751135,-0.002427401985834677,,,
1604,1642612336.0899007,69.93076901983268,-0.014947546687287074,69.48147436280769,-13.390711421418606,46.146267744642195,-0.002427453312712927,,,
1605,1642612336.0923321,69.91864256796752,-0.013697495360408823,69.46526808576489,-13.42839032826062,46.149324470936776,-0.002427504639591177,,,
1606,1642612336.0958228,69.90120065766432,-0.011072444033530585,69.44330998475579,-13.498349947759491,46.151795392074696,-0.002427555966469427,,,
1607,1642612336.0998437,69.88110928294516,-0.012197392706652321,69.42594231255408,-13.495029576748914,46.1545173562025,-0.002427607293347677,,,
1608,1642612336.1050367,69.85516144821297,-0.015447341379774075,69.4058474065427,-13.492285279285849,46.15796457726989,-0.002427658620225927,,,
1609,1642612336.1074717,69.84299464062288,-0.013697290052895824,69.38979337575721,-13.49041761012402,46.161021257748146,-0.002427709947104177,,,
1610,1642612336.1109583,69.82557298252071,-0.012447238726017572,69.36797431538709,-13.488524905007647,46.16379897739014,-0.0024277612739824267,,,
1611,1642612336.1149826,69.80546492951835,-0.011197187399139321,69.35054357887827,-13.485830730859005,46.16629773619587,-0.002427812600860677,,,
1612,1642612336.1190178,69.78530207644263,-0.012072136072261087,69.33046890104087,-13.482335087659655,46.16899174811505,-0.0024278639277389266,,,
1613,1642612336.122648,69.7671609287255,-0.015697084745382825,69.31031093072238,-13.478914593420503,46.17249470178847,-0.002427915254617177,,,
1614,1642612336.1261342,69.74973644659848,-0.015947033418504578,69.28780411243689,-13.483052616597396,46.176053433884256,-0.0024279665814954266,,,
1615,1642612336.130165,69.72958901674473,-0.01382198209162631,69.27549388975203,-13.485261650448557,46.17913794057625,-0.002428017908373677,,,
1616,1642612336.1342015,69.7094141786644,-0.010821930764748085,69.25403750876929,-13.48294131828318,46.18155295729692,-0.0024280692352519266,,,
1617,1642612336.1386156,69.68735174793675,-0.009821879437869835,69.23786467392094,-13.479944193175552,46.18374480305777,-0.0024281205621301764,,,
1618,1642612336.1420622,69.67012508170585,-0.013571828110991589,69.21136728582528,-13.476947078375465,46.18677348551108,-0.0024281718890084266,,,
1619,1642612336.1453717,69.65358362113922,-0.014946776784113325,69.19926649092073,-13.474200641715429,46.19010900083071,-0.0024282232158866763,,,
1620,1642612336.1493957,69.63347074948419,-0.014321725457235061,69.18187501638117,-13.471905417498258,46.19330503000517,-0.0024282745427649266,,,
1621,1642612336.1537669,69.611622817921,-0.011696674130356823,69.16175378893328,-13.469685403942513,46.195915254022964,-0.0024283258696431763,,,
1622,1642612336.1571896,69.59439993162876,-0.00869662280347857,69.13593289448085,-13.436136389327624,46.19785598806945,-0.002428377196521426,,,
1623,1642612336.1604848,69.57781567611207,-0.011946571476600323,69.12376663334521,-13.415920082302486,46.200521979055516,-0.0024284285233996763,,,
1624,1642612336.1645203,69.55750563278123,-0.016571520149722064,69.10632210325353,-13.412958552866472,46.204220071301584,-0.002428479850277926,,,
1625,1642612336.168862,69.53565367726321,-0.015696468822843826,69.08619783753598,-13.410546562664116,46.20772288752604,-0.0024285311771561763,,,
1626,1642612336.172304,69.51833146377366,-0.014196417495965575,69.06602942657437,-13.40858419731747,46.2108909530378,-0.002428582504034426,,,
1627,1642612336.1756077,69.50170401071709,-0.011321366169087336,69.04820667912144,-13.405922441717001,46.213417423516454,-0.0024286338309126763,,,
1628,1642612336.1796272,69.48147436280769,-0.011196314842209072,69.0307215831298,-13.402786103188744,46.21591598760281,-0.002428685157790926,,,
1629,1642612336.1828473,69.46526808576489,-0.015446263515330827,69.01057822757699,-13.399624796312605,46.219362968134504,-0.002428736484669176,,,
1630,1642612336.1872232,69.44330998475579,-0.016571212188452564,68.99044918940061,-13.397112943039888,46.223060991656084,-0.002428787811547426,,,
1631,1642612336.1907032,69.42594231255408,-0.013696160861574325,68.9682858906534,-13.418847493349361,46.22611742014457,-0.0024288391384256758,,,
1632,1642612336.1947296,69.4058474065427,-0.009321109534696084,68.95116154948296,-13.417021950361143,46.22819751434133,-0.002428890465303926,,,
1633,1642612336.1979463,69.38979337575721,-0.00944605820781782,68.93470025734491,-13.41360469471466,46.230305492022225,-0.0024289417921821758,,,
1634,1642612336.2023182,69.36797431538709,-0.013446006880939575,68.91461014469287,-13.410162425309224,46.23330609627203,-0.0024289931190604255,,,
1635,1642612336.2058108,69.35054357887827,-0.017445955554061327,68.89284794014661,-13.407020454426084,46.237199327090735,-0.0024290444459386757,,,
1636,1642612336.2098331,69.33046890104087,-0.017070904227183065,68.87565659649066,-13.404729310479345,46.2410088616407,-0.0024290957728169255,,,
1637,1642612336.2138722,69.31031093072238,-0.014070852900304812,68.85920840478768,-13.402338080744654,46.24414890621935,-0.0024291470996951757,,,
1638,1642612336.218382,69.28780411243689,-0.00944580157342657,68.8391313925707,-13.39957150097136,46.246256826629846,-0.0024291984265734255,,,
1639,1642612336.2208498,69.27549388975203,-0.011570750246548337,68.81712861639863,-13.405623718792587,46.24883894953597,-0.0024292497534516757,,,
1640,1642612336.2251525,69.25403750876929,-0.014945698919670077,68.79996653058697,-13.403497882972559,46.2521742243199,-0.0024293010803299255,,,
1641,1642612336.2283957,69.23786467392094,-0.014945647592791825,68.78350339571897,-13.401205223726233,46.25550948764976,-0.0024293524072081752,,,
1642,1642612336.2337093,69.21136728582528,-0.013695596265913575,68.76341272994098,-13.398561998933308,46.25856579014335,-0.0024294037340864254,,,
1643,1642612336.236136,69.19926649092073,-0.011445544939035324,68.74735067050496,-13.395167550461437,46.261119972294935,-0.0024294550609646752,,,
1644,1642612336.2396235,69.18187501638117,-0.011070493612157086,68.72545338008086,-13.391873276808274,46.26359045817778,-0.0024295063878429254,,,
1645,1642612336.2436585,69.16175378893328,-0.015945442285278826,68.70792864495968,-13.389054794926302,46.267148835197055,-0.002429557714721175,,,
1646,1642612336.2488365,69.13593289448085,-0.015945390958400578,68.6878391693165,-13.386712104839663,46.27070720076225,-0.0024296090415994254,,,
1647,1642612336.2512708,69.12376663334521,-0.014820339631522312,68.67174140583609,-13.358280315472483,46.2740145004294,-0.002429660368477675,,,
1648,1642612336.2547567,69.10632210325353,-0.012070288304644088,68.6498809578419,-13.308388368022559,46.27670810000168,-0.002429711695355925,,,
1649,1642612336.258778,69.08619783753598,-0.009820236977765837,68.63243785937672,-13.305087314242144,46.27889957923194,-0.002429763022234175,,,
1650,1642612336.2628083,69.06602942657437,-0.013320185650887589,68.61222918732805,-13.302060211981846,46.281872105278225,-0.002429814349112425,,,
1651,1642612336.2663698,69.04820667912144,-0.015695134324009326,68.59205521957792,-13.299581002573476,46.28537462369658,-0.002429865675990675,,,
1652,1642612336.2698638,69.0307215831298,-0.015820082997131064,68.5698229279145,-13.297749300997786,46.28890502559908,-0.002429917002868925,,,
1653,1642612336.273889,69.01057822757699,-0.012570031670252838,68.55768240692593,-13.295469342088083,46.291710147653816,-0.0024299683297471747,,,
1654,1642612336.2779114,68.99044918940061,-0.009694980343374572,68.53607000583641,-13.292243050682304,46.29387367467545,-0.002430019656625425,,,
1655,1642612336.2823403,68.9682858906534,-0.01256992901649634,68.51995644101521,-13.289116384553948,46.29667877382203,-0.0024300709835036747,,,
1656,1642612336.2857683,68.95116154948296,-0.017069877689618065,68.4939521511107,-13.303847284346132,46.30048807929038,-0.002430122310381925,,,
1657,1642612336.2890637,68.93470025734491,-0.017194826362739828,68.48179428122991,-13.311383805351934,46.30432526824288,-0.0024301736372601746,,,
1658,1642612336.2930856,68.91461014469287,-0.01569477503586158,68.46029336512495,-13.308949450513376,46.30782770648266,-0.002430224964138425,,,
1659,1642612336.2974422,68.89284794014661,-0.011444723708983324,68.44422619531403,-13.305591761182846,46.310381705368954,-0.0024302762910166746,,,
1660,1642612336.3008838,68.87565659649066,-0.011944672382105075,68.42403654369937,-13.302433724210202,46.31304727255404,-0.0024303276178949244,,,
1661,1642612336.3041766,68.85920840478768,-0.013819621055226812,68.40619713663563,-13.299724892214153,46.31613125235831,-0.0024303789447731746,,,
1662,1642612336.3081958,68.8391313925707,-0.014194569728348577,68.38462934365322,-13.29729057834885,46.31929890552316,-0.0024304302716514244,,,
1663,1642612336.3126006,68.81712861639863,-0.011944518401470323,68.36442774973901,-13.295205648424414,46.321964438346,-0.0024304815985296746,,,
1664,1642612336.3160386,68.79996653058697,-0.011444467074592074,68.34833311263912,-13.309769275647815,46.32451837996189,-0.0024305329254079243,,,
1665,1642612336.3193367,68.78350339571897,-0.013194415747713826,68.32650122505385,-13.337972679374134,46.32746283925875,-0.002430584252286174,,,
1666,1642612336.3233614,68.76341272994098,-0.016944364420835578,68.3090173918512,-13.33490329870246,46.33124413524807,-0.0024306355791644243,,,
1667,1642612336.326579,68.74735067050496,-0.01644431309395733,68.28892895058537,-13.332460100086562,46.334913840030445,-0.002430686906042674,,,
1668,1642612336.3309658,68.72545338008086,-0.014069261767079063,68.27281940806934,-13.33049280232955,46.338053529532594,-0.0024307382329209243,,,
1669,1642612336.3344765,68.70792864495968,-0.011694210440200824,68.2509009589455,-13.327523639984554,46.34066320375451,-0.002430789559799174,,,
1670,1642612336.338501,68.6878391693165,-0.010819159113322587,68.23343616353591,-13.323953363020438,46.343077601954825,-0.0024308408866774243,,,
1671,1642612336.3417258,68.67174140583609,-0.013694107786444327,68.2171707490892,-13.320533377543708,46.346133572280074,-0.002430892213555674,,,
1672,1642612336.3460965,68.6498809578419,-0.016569056459566064,68.19713347189222,-13.317313777346854,46.34983111473026,-0.002430943540433924,,,
1673,1642612336.3495717,68.63243785937672,-0.015194005132687828,68.17520193428564,-13.342611720165252,46.353221801405965,-0.002430994867312174,,,
1674,1642612336.3535979,68.61222918732805,-0.012443953805809576,68.15808833374943,-13.340692954817737,46.355998787986785,-0.002431046194190424,,,
1675,1642612336.3576171,68.59205521957792,-0.009193902478931322,68.14165959008372,-13.337466452427782,46.358050494719855,-0.002431097521068674,,,
1676,1642612336.3620465,68.5698229279145,-0.011443851152053075,68.12160956520239,-13.33413955712188,46.36060429888678,-0.0024311488479469238,,,
1677,1642612336.3644652,68.55768240692593,-0.01619379982517483,68.09580942067281,-13.331465293109572,46.3642180992519,-0.002431200174825174,,,
1678,1642612336.368771,68.53607000583641,-0.015693748498296578,68.08372621446583,-13.329393458808124,46.36772030841008,-0.0024312515017034238,,,
1679,1642612336.3719814,68.51995644101521,-0.014693697171418328,68.06630963277672,-13.327547542052642,46.37099934660843,-0.0024313028285816735,,,
1680,1642612336.3771622,68.4939521511107,-0.011443645844540076,68.04629166513894,-13.324823107363459,46.37355310495902,-0.0024313541554599237,,,
1681,1642612336.3795877,68.48179428122991,-0.012193594517661825,68.02604454757507,-13.289537505591177,46.37627422148484,-0.0024314054823381735,,,
1682,1642612336.3838801,68.46029336512495,-0.016818543190783564,68.008097846038,-13.244340513240356,46.380027439270656,-0.0024314568092164237,,,
1683,1642612336.3870878,68.44422619531403,-0.015818491863905316,67.99064102553776,-13.241631283606951,46.38355748609665,-0.0024315081360946735,,,
1684,1642612336.3911185,68.42403654369937,-0.01356844053702709,67.97043930179355,-13.239371362285093,46.38658541258063,-0.0024315594629729233,,,
1685,1642612336.39468,68.40619713663563,-0.012193389210148826,67.9503116032782,-13.236462465120843,46.38930648329013,-0.0024316107898511735,,,
1686,1642612336.3989859,68.38462934365322,-0.010443337883270575,67.92078747652012,-13.23335389017431,46.39163701341049,-0.0024316621167294232,,,
1687,1642612336.403019,68.36442774973901,-0.013943286556392327,67.91268171396105,-13.230370130499889,46.394748590346886,-0.0024317134436076734,,,
1688,1642612336.406232,68.34833311263912,-0.016193235229514078,67.89414316995536,-13.227436303083648,46.39836226471712,-0.002431764770485923,,,
1689,1642612336.4105964,68.32650122505385,-0.015318183902635814,67.87399875606575,-13.225101549996104,46.40178066306575,-0.0024318160973641734,,,
1690,1642612336.4140997,68.3090173918512,-0.012193132575757576,67.85205743944357,-13.206017103812087,46.40450167650485,-0.002431867424242423,,,
1691,1642612336.418125,68.28892895058537,-0.009818081248879338,67.83490535906543,-13.202356550915425,46.40669267466372,-0.002431918751120673,,,
1692,1642612336.4213529,68.27281940806934,-0.014818029922001064,67.81832412304173,-13.19925198862302,46.40999945889723,-0.002431970077998923,,,
1693,1642612336.4257448,68.2509009589455,-0.017817978595122817,67.79811342540536,-13.196571234246788,46.4139757101939,-0.002432021404877173,,,
1694,1642612336.4292443,68.23343616353591,-0.017067927268244566,67.77628405483631,-13.194239499992284,46.41778458040719,-0.002432072731755423,,,
1695,1642612336.4325035,68.2171707490892,-0.016067875941366317,67.75904530765091,-13.19183298812391,46.42137027966064,-0.002432124058633673,,,
1696,1642612336.4365184,68.19713347189222,-0.013067824614488091,67.74251189062079,-13.188703537497977,46.42428648894278,-0.002432175385511923,,,
1697,1642612336.440913,68.17520193428564,-0.01331777328760984,67.72235140292767,-13.185125370129821,46.427258476647275,-0.002432226712390173,,,
1698,1642612336.4443493,68.15808833374943,-0.016067721960731567,67.70621488354426,-13.194251081730485,46.430844141538486,-0.0024322780392684227,,,
1699,1642612336.4476483,68.14165959008372,-0.016567670633853317,67.68430143053337,-13.21441615170211,46.4345413747285,-0.002432329366146673,,,
1700,1642612336.4516745,68.12160956520239,-0.01331761930697509,67.66661198778337,-13.212303145951436,46.43751332807074,-0.0024323806930249227,,,
1701,1642612336.4568553,68.09580942067281,-0.010317567980096838,67.6464307383779,-13.209640223834548,46.43981579144168,-0.002432432019903173,,,
1702,1642612336.4592817,68.08372621446583,-0.009192516653218574,67.63034606680412,-13.206377392056506,46.44186718891457,-0.0024324833467814226,,,
1703,1642612336.462779,68.06630963277672,-0.013567465326340341,67.60826913673729,-13.203139567201465,46.444894897771015,-0.0024325346736596724,,,
1704,1642612336.4667988,68.04629166513894,-0.015567413999462066,67.59077403106139,-13.200101725928794,46.44836891418487,-0.0024325860005379226,,,
1705,1642612336.4708645,68.02604454757507,-0.015817362672583817,67.57065835551526,-13.197863788165233,46.45189870902108,-0.0024326373274161724,,,
1706,1642612336.4744596,68.008097846038,-0.013567311345705591,67.55462495077698,-13.195450884023401,46.454926383515286,-0.0024326886542944226,,,
1707,1642612336.4779456,67.99064102553776,-0.01131726001882734,67.53284489145524,-13.229828456876982,46.45745193766748,-0.0024327399811726724,,,
1708,1642612336.4819796,67.97043930179355,-0.014567208691949066,67.51564770719817,-13.227632091298705,46.46070274875927,-0.0024327913080509226,,,
1709,1642612336.4859989,67.9503116032782,-0.015567157365070815,67.4951282708956,-13.224836112797304,46.464176707902716,-0.0024328426349291723,,,
1710,1642612336.4918945,67.92078747652012,-0.01494210603819258,67.47913212149017,-13.222717028829102,46.467511180901,-0.002432893961807422,,,
1711,1642612336.493513,67.91268171396105,-0.01469205471131433,67.45743936477567,-13.220096559417243,46.470789852568764,-0.0024329452886856723,,,
1712,1642612336.497215,67.89414316995536,-0.011692003384436076,67.44032695613333,-13.216673867125403,46.473399034265206,-0.002432996615563922,,,
1713,1642612336.5012376,67.87399875606575,-0.013691952057557829,67.41980989737972,-13.213075696643907,46.47645452351907,-0.0024330479424421723,,,
1714,1642612336.505619,67.85205743944357,-0.016066900730679567,67.4037947275826,-13.20970316451961,46.480040005144986,-0.002433099269320422,,,
1715,1642612336.5090399,67.83490535906543,-0.015566849403801316,67.3781112549381,-13.177711884389202,46.48351389556395,-0.0024331505961986723,,,
1716,1642612336.5123467,67.81832412304173,-0.013441798076923079,67.36595169645176,-13.15922937172336,46.48651356057913,-0.002433201923076922,,,
1717,1642612336.5163774,67.79811342540536,-0.011691746750044828,67.34448349675561,-13.156468073746211,46.48912268500517,-0.002433253249955172,,,
1718,1642612336.520731,67.77628405483631,-0.01206669542316659,67.32842022081472,-13.153431966688244,46.491815482791786,-0.002433304576833422,,,
1719,1642612336.524169,67.75904530765091,-0.01569164409628833,67.30821169878035,-13.150495804206908,46.49531722233265,-0.002433355903711672,,,
1720,1642612336.5274663,67.74251189062079,-0.017941592769410084,67.29017898361636,-13.147909422029754,46.499321059307356,-0.002433407230589922,,,
1721,1642612336.531487,67.72235140292767,-0.017941541442531832,67.26866545461041,-13.14567282017531,46.50332488482799,-0.0024334585574681718,,,
1722,1642612336.5347052,67.70621488354426,-0.013816490115653566,67.25260337154609,-13.142936557073432,46.50640816593333,-0.0024335098843464215,,,
1723,1642612336.5390797,67.68430143053337,-0.01056643878877534,67.23245449334041,-13.139425813370003,46.50876616719093,-0.0024335612112246718,,,
1724,1642612336.542617,67.66661198778337,-0.013316387461897092,67.21053538629943,-13.11867309783167,46.51173784563524,-0.0024336125381029215,,,
1725,1642612336.5466528,67.6464307383779,-0.016316336135018816,67.19335533334242,-13.115604756681893,46.51537899114271,-0.0024336638649811717,,,
1726,1642612336.5498693,67.63034606680412,-0.016191284808140582,67.17684121447874,-13.113371266926663,46.51899223025788,-0.0024337151918594215,,,
1727,1642612336.554284,67.60826913673729,-0.01519123348126233,67.15668980867545,-13.110963141737637,46.52238229841322,-0.0024337665187376717,,,
1728,1642612336.5577826,67.59077403106139,-0.011191182154384076,67.1349150620016,-13.107956241544013,46.5248797170915,-0.0024338178456159215,,,
1729,1642612336.5618052,67.57065835551526,-0.012066130827505841,67.11751342123442,-13.105024199750291,46.52757238888323,-0.0024338691724941713,,,
1730,1642612336.5650115,67.55462495077698,-0.015066079500627567,67.10094554936177,-13.102167016359484,46.53093452773811,-0.0024339204993724215,,,
1731,1642612336.569367,67.53284489145524,-0.01694102817374933,67.08081803378468,-13.099534387682914,46.534715079212184,-0.0024339718262506712,,,
1732,1642612336.5728157,67.51564770719817,-0.01394097684687108,67.05490430542093,-13.126188492737983,46.53782614071494,-0.0024340231531289214,,,
1733,1642612336.576931,67.4951282708956,-0.01056592551999284,67.04277128844427,-13.139034194459741,46.54018402743173,-0.002434074480007171,,,
1734,1642612336.5801392,67.47913212149017,-0.013065874193114592,67.02518569920369,-13.135466150253828,46.543099801458794,-0.002434125806885421,,,
1735,1642612336.5844898,67.45743936477567,-0.01706582286623632,67.0050979161918,-13.13219854618966,46.546908202054766,-0.002434177133763671,,,
1736,1642612336.5879219,67.44032695613333,-0.017940771539358084,66.98498037350136,-13.129431668895359,46.550911855764184,-0.002434228460641921,,,
1737,1642612336.5920367,67.41980989737972,-0.016815720212479818,66.96699719495554,-13.127240625807364,46.554664443575554,-0.002434279787520171,,,
1738,1642612336.5952487,67.4037947275826,-0.01369066888560158,66.94953778675195,-13.124573912373142,46.557719646477395,-0.002434331114398421,,,
1739,1642612336.6003997,67.3781112549381,-0.011565617558723342,66.92944881335292,-13.12143152854774,46.56030062397544,-0.002434382441276671,,,
1740,1642612336.602833,67.36595169645176,-0.013815566231845065,66.90915271259126,-13.094346761577793,46.56338369890733,-0.002434433768154921,,,
1741,1642612336.6071239,67.34448349675561,-0.015190514904966831,66.89138930665776,-13.061180441759905,46.566773606705546,-0.0024344850950331707,,,
1742,1642612336.6103344,67.32842022081472,-0.014690463578088581,66.87395142301229,-13.058799107694213,46.5700519232968,-0.002434536421911421,,,
1743,1642612336.6143734,67.30821169878035,-0.012940412251210329,66.85378095079993,-13.056268193617402,46.57293969929893,-0.0024345877487896707,,,
1744,1642612336.6179776,67.29017898361636,-0.011190360924332078,66.83361765073606,-13.053014270139354,46.57543693471192,-0.002434639075667921,,,
1745,1642612336.6222775,67.26866545461041,-0.01369030959745383,66.81180714724036,-13.049560903212372,46.578492057435184,-0.0024346904025461706,,,
1746,1642612336.6254878,67.25260337154609,-0.01756525827057557,66.7945939909136,-13.046556317325761,46.58241191178914,-0.002434741729424421,,,
1747,1642612336.629515,67.23245449334041,-0.01619020694369733,66.77808848656916,-13.044175034444507,46.586024910368614,-0.0024347930563026706,,,
1748,1642612336.6338959,67.21053538629943,-0.013065155616819094,66.75788573968869,-13.04199321550758,46.58894052403855,-0.0024348443831809204,,,
1749,1642612336.637325,67.19335533334242,-0.011190104289940828,66.7362115070139,-13.099432661690907,46.59143770218113,-0.0024348957100591706,,,
1750,1642612336.6406212,67.17684121447874,-0.012065052963062593,66.71906002717041,-13.097897788545211,46.59413013343716,-0.0024349470369374204,,,
1751,1642612336.6446433,67.15668980867545,-0.015065001636184317,66.70256639378688,-13.094928999040963,46.59749203175635,-0.0024349983638156706,,,
1752,1642612336.6489894,67.1349150620016,-0.014689950309306081,66.68251920566324,-13.092260829947055,46.6007702338068,-0.0024350496906939204,,,
1753,1642612336.6524627,67.11751342123442,-0.014314898982427817,66.65675920539971,-13.089818128690247,46.60396473958852,-0.00243510101757217,,,
1754,1642612336.6557696,67.10094554936177,-0.01318984765554958,66.64465308787872,-13.086749166693899,46.606908179472185,-0.0024351523444504203,,,
1755,1642612336.659787,67.08081803378468,-0.013064796328671344,66.62726600969779,-13.08330445235736,46.60982371296356,-0.00243520367132867,,,
1756,1642612336.6649592,67.05490430542093,-0.016314745001793068,66.60713911344976,-13.079985002509382,46.613464503394525,-0.0024352549982069203,,,
1757,1642612336.6673863,67.04277128844427,-0.01781469367491482,66.58701935524272,-13.05946661189027,46.617440021630024,-0.00243530632508517,,,
1758,1642612336.6709085,67.02518569920369,-0.01631464234803657,66.56928226540958,-13.034764461898032,46.62108078915283,-0.0024353576519634203,,,
1759,1642612336.6749318,67.0050979161918,-0.013814591021158316,66.55188815816916,-13.032079586016202,46.624163646457184,-0.00243540897884167,,,
1760,1642612336.678961,66.98498037350136,-0.010939539694280078,66.53173982483717,-13.028820320728265,46.626604908728446,-0.00243546030571992,,,
1761,1642612336.6825628,66.96699719495554,-0.013314488367401844,66.5115938781829,-13.025611013496835,46.629576163371766,-0.00243551163259817,,,
1762,1642612336.6860597,66.94953778675195,-0.01568943704052358,66.48986675753756,-13.022576533818901,46.63307741038716,-0.00243556295947642,,,
1763,1642612336.6900833,66.92944881335292,-0.015064385713645318,66.47266119783721,-13.020016568416517,46.63643917125737,-0.00243561428635467,,,
1764,1642612336.6941483,66.90915271259126,-0.01343933438676708,66.45614896801519,-13.017506561092643,46.639438286476675,-0.00243566561323292,,,
1765,1642612336.6976995,66.89138930665776,-0.011939283059888828,66.43599228131116,-13.014222373189359,46.642102650983276,-0.0024357169401111696,,,
1766,1642612336.7011776,66.87395142301229,-0.01268923173301058,66.41427709405444,-13.046754679057823,46.6449343736651,-0.0024357682669894198,,,
1767,1642612336.7052007,66.85378095079993,-0.01631418040613232,66.3971807822909,-13.044628226569852,46.64857503810118,-0.0024358195938676695,,,
1768,1642612336.7092223,66.83361765073606,-0.01731412907925407,66.38074970637557,-13.041935837331808,46.65243885058892,-0.0024358709207459197,,,
1769,1642612336.7135725,66.81180714724036,-0.015064077752375818,66.36065233954952,-13.039493904827996,46.65580054273465,-0.0024359222476241695,,,
1770,1642612336.7170057,66.7945939909136,-0.01193902642549758,66.33488239603687,-13.036551089712512,46.65846484997085,-0.0024359735745024197,,,
1771,1642612336.7202978,66.77808848656916,-0.010938975098619328,66.32276376356862,-13.033007213373907,46.66090598624722,-0.0024360249013806695,,,
1772,1642612336.7243273,66.75788573968869,-0.015438923771741083,66.30527956611611,-13.029788927729678,46.66435132884536,-0.0024360762282589193,,,
1773,1642612336.7286503,66.7362115070139,-0.01656387244486282,66.285204808679,-13.02689623274486,46.66804771443339,-0.0024361275551371695,,,
1774,1642612336.7320871,66.71906002717041,-0.014813821117984568,66.26507650268914,-13.027522037064667,46.67135355943228,-0.0024361788820154192,,,
1775,1642612336.7353926,66.70256639378688,-0.013313769791106345,66.2472219110956,-13.028864681778138,46.67432465371848,-0.0024362302088936695,,,
1776,1642612336.7394102,66.68251920566324,-0.01218871846422808,66.22986538828513,-13.025820019757605,46.677044682106626,-0.0024362815357719192,,,
1777,1642612336.7445726,66.65675920539971,-0.015313667137349819,66.20975327664695,-13.022850544683186,46.68046207249615,-0.0024363328626501694,,,
1778,1642612336.7469988,66.64465308787872,-0.017188615810471583,66.18963640784204,-13.020031433185537,46.68429787550486,-0.002436384189528419,,,
1779,1642612336.7504833,66.62726600969779,-0.01656356448359332,66.17187552585962,-13.017813745215213,46.68799419236841,-0.002436435516406669,,,
1780,1642612336.7545168,66.60713911344976,-0.013938513156715081,66.1547306969686,-13.015195125376248,46.691104704075286,-0.002436486843284919,,,
1781,1642612336.758549,66.58701935524272,-0.011313461829836844,66.13422136190854,-13.011749572662332,46.693629410625505,-0.002436538170163169,,,
1782,1642612336.7620988,66.56928226540958,-0.01343841050295858,66.11409141089513,-13.008304030230965,46.69662831967135,-0.002436589497041419,,,
1783,1642612336.765574,66.55188815816916,-0.01631335917608032,66.09218109023341,-12.994804885238867,46.70026880084213,-0.002436640823919669,,,
1784,1642612336.7695994,66.53173982483717,-0.01606330784920207,66.08003924842367,-12.96979444818122,46.7038534806824,-0.002436692150797919,,,
1785,1642612336.7736244,66.5115938781829,-0.015188256522323832,66.0590861704105,-12.9674325324062,46.707242884501056,-0.002436743477676169,,,
1786,1642612336.7779653,66.48986675753756,-0.012813205195445595,66.0390070812543,-12.964295790720815,46.71010227303949,-0.0024367948045544187,,,
1787,1642612336.7814028,66.47266119783721,-0.012563153868567344,66.02296050275879,-12.960859122736789,46.7129058602474,-0.002436846131432669,,,
1788,1642612336.7847018,66.45614896801519,-0.016438102541689086,66.00090092862109,-12.957722401584927,46.716574179085995,-0.0024368974583109187,,,
1789,1642612336.788729,66.43599228131116,-0.016938051214810835,65.98482692619147,-12.955060590276236,46.720354066223386,-0.002436948785189169,,,
1790,1642612336.7930675,66.41427709405444,-0.015312999887932568,65.96467868102748,-12.952079903808219,46.72377130770986,-0.0024370001120674186,,,
1791,1642612336.7964926,66.3971807822909,-0.013437948561054331,65.93951055637055,-12.947761987373541,46.72677011366898,-0.0024370514389456684,,,
1792,1642612336.7997847,66.38074970637557,-0.012187897234176081,65.92686130212375,-12.944350918652406,46.72948995879183,-0.0024371027658239186,,,
1793,1642612336.8038113,66.36065233954952,-0.014687845907297832,65.90675152797803,-12.940939860190621,46.73276769122497,-0.0024371540927021684,,,
1794,1642612336.8089745,66.33488239603687,-0.017687794580419587,65.89070353944224,-12.938153578521323,46.73671489072127,-0.0024372054195804186,,,
1795,1642612336.8114026,66.32276376356862,-0.01606274325354132,65.8705734921446,-12.936067045666896,46.740299444566645,-0.0024372567464586684,,,
1796,1642612336.8149056,66.30527956611611,-0.014437691926663082,65.8498555234419,-12.933430728495285,46.74352135276111,-0.0024373080733369186,,,
1797,1642612336.8189278,66.285204808679,-0.013062640599784845,65.83215586929549,-12.93006969240775,46.746436405181086,-0.0024373594002151684,,,
1798,1642612336.8229606,66.26507650268914,-0.01406258927290657,65.81201031899936,-12.926508741276727,46.749574605652725,-0.002437410727093418,,,
1799,1642612336.8265388,66.2472219110956,-0.015187537946028333,65.79598260361546,-12.923058150427432,46.75296384911425,-0.0024374620539716683,,,
1800,1642612336.8300183,66.22986538828513,-0.01481248661915007,65.77453053586464,-12.92002657675763,46.75626939630705,-0.002437513380849918,,,
1801,1642612336.8340502,66.20975327664695,-0.01406243529227182,65.75698201959783,-12.917790353550593,46.75940756241645,-0.0024375647077281683,,,
1802,1642612336.838083,66.18963640784204,-0.011062383965393593,65.73687290360118,-12.914779496613074,46.761876238554535,-0.002437616034606418,,,
1803,1642612336.8416436,66.17187552585962,-0.013062332638515346,65.71675066855607,-12.911643707363808,46.764791222250025,-0.002437667361484668,,,
1804,1642612336.8450806,66.1547306969686,-0.017187281311637086,65.69948719343292,-12.908532916893732,46.76862672745264,-0.002437718688362918,,,
1805,1642612336.8491921,66.13422136190854,-0.017187229984758835,65.68270673782098,-12.905846941450092,46.772462221201174,-0.002437770015241168,,,
1806,1642612336.8532276,66.11409141089513,-0.01456217865788057,65.66255826467898,-12.903210953290145,46.775711909793046,-0.002437821342119418,,,
1807,1642612336.85762,66.09218109023341,-0.011437127331002332,65.64226667464476,-12.910905027614895,46.77826421347538,-0.002437872668997668,,,
1808,1642612336.860052,66.08003924842367,-0.011812076004124095,65.61954862314991,-12.928091870746503,46.78090019051829,-0.002437923995875918,,,
1809,1642612336.8642418,66.0590861704105,-0.015687024677245833,65.60628734506396,-12.924422250856106,46.78440089919188,-0.002437975322754168,,,
1810,1642612336.8682568,66.0390070812543,-0.017186973350367587,65.58588089462812,-12.921078302503558,46.788236335670014,-0.0024380266496324176,,,
1811,1642612336.8714654,66.02296050275879,-0.015686922023489334,65.56557913536224,-12.918360636058935,46.79173702143544,-0.0024380779765106678,,,
1812,1642612336.8758764,66.00090092862109,-0.013311870696611097,65.54932821057045,-12.915242166053908,46.79470769192064,-0.0024381293033889175,,,
1813,1642612336.8790905,65.98482692619147,-0.011561819369732844,65.53097394500033,-12.911798045104408,46.79728782181672,-0.0024381806302671677,,,
1814,1642612336.8831193,65.96467868102748,-0.014436768042854584,65.50949916876192,-12.908554341352634,46.80050952383772,-0.0024382319571454175,,,
1815,1642612336.8881516,65.93951055637055,-0.01706171671597632,65.49328512381409,-12.905761563463923,46.804317008107226,-0.0024382832840236677,,,
1816,1642612336.8906806,65.92686130212375,-0.017061665389098073,65.47297265749674,-12.877599452131381,46.80812448092265,-0.0024383346109019175,,,
1817,1642612336.894701,65.90675152797803,-0.013936614062219833,65.45076759443944,-12.828660260750684,46.811234568828546,-0.0024383859377801673,,,
1818,1642612336.8979094,65.89070353944224,-0.01043656273534158,65.43368752721149,-12.825659073780288,46.81356358701024,-0.0024384372646584175,,,
1819,1642612336.901934,65.8705734921446,-0.013186511408463332,65.41737316767659,-12.82218461427695,46.81650628237867,-0.0024384885915366672,,,
1820,1642612336.906076,65.8498555234419,-0.016811460081585072,65.39694193287329,-12.819058899675943,46.82025791950133,-0.0024385399184149175,,,
1821,1642612336.9096146,65.83215586929549,-0.017811408754706822,65.3747699094866,-12.81645629727924,46.824232704675666,-0.0024385912452931672,,,
1822,1642612336.9136422,65.81201031899936,-0.015186357427828584,65.35759173596048,-12.814052982056548,46.827621684693334,-0.002438642572171417,,,
1823,1642612336.9168465,65.79598260361546,-0.011686306100950332,65.33931883971697,-12.811126575078617,46.83022959498681,-0.002438693899049667,,,
1824,1642612336.9211352,65.77453053586464,-0.01118625477407208,65.32296858763395,-12.821763361974119,46.832725914073336,-0.002438745225927917,,,
1825,1642612336.9246433,65.75698201959783,-0.01506120344719382,65.30071118983369,-12.844046762062138,46.836086964790546,-0.002438796552806167,,,
1826,1642612336.9286633,65.73687290360118,-0.015686152120315586,65.283674565781,-12.841136266606707,46.83958747874476,-0.002438847879684417,,,
1827,1642612336.9326859,65.71675066855607,-0.01556110079343732,65.26297036829214,-12.838500639866359,46.843060086306686,-0.002438899206562667,,,
1828,1642612336.936137,65.69948719343292,-0.013436049466559083,65.24674239945561,-12.835340293618062,46.84605846846481,-0.002438950533440917,,,
1829,1642612336.9394915,65.68270673782098,-0.013185998139680834,65.22018797507104,-12.83210499623603,46.849001049292426,-0.0024390018603191667,,,
1830,1642612336.9435194,65.66255826467898,-0.017310946812802572,65.20713618446557,-12.829344464612555,46.85286415162716,-0.002439053187197417,,,
1831,1642612336.9475758,65.64226667464476,-0.019185895485924337,65.18677190841714,-12.82670887890569,46.85714566658108,-0.0024391045140756667,,,
1832,1642612336.9521213,65.61954862314991,-0.018310844159046075,65.17049146048103,-12.824273200531575,46.8612319055134,-0.002439155840953917,,,
1833,1642612336.954779,65.60628734506396,-0.016685792832167836,65.14990534096623,-12.851895554386303,46.8649554987948,-0.0024392071678321667,,,
1834,1642612336.9588685,65.58588089462812,-0.013560741505289598,65.13167190102166,-12.888268528345915,46.86798170716666,-0.0024392584947104164,,,
1835,1642612336.962937,65.56557913536224,-0.015560690178411322,65.11473224642248,-12.884864706752884,46.87145422309593,-0.0024393098215886666,,,
1836,1642612336.966194,65.54932821057045,-0.017185638851533087,65.09448318517589,-12.881963393275743,46.87528936176796,-0.0024393611484669164,,,
1837,1642612336.9698722,65.53097394500033,-0.016185587524654835,65.07330654113422,-12.879614837700062,46.878901329480165,-0.0024394124753451666,,,
1838,1642612336.974176,65.50949916876192,-0.013935536197776585,65.05544404840897,-12.877090418227137,46.88201117685036,-0.0024394638022234164,,,
1839,1642612336.9774253,65.49328512381409,-0.00993548487089833,65.03843085143986,-12.873535888551526,46.88422837474349,-0.0024395151291016666,,,
1840,1642612336.981496,65.47297265749674,-0.011810433544020097,65.01815925301538,-12.86995624429314,46.886863985255815,-0.0024395664559799164,,,
1841,1642612336.985937,65.45076759443944,-0.015060382217141823,65.00195502211562,-12.83537873575595,46.89022485270773,-0.002439617782858166,,,
1842,1642612336.9893408,65.43368752721149,-0.017435330890263587,64.97996420749843,-12.77649331068709,46.894115712531715,-0.0024396691097364163,,,
1843,1642612336.9925919,65.41737316767659,-0.015685279563385335,64.96279344064597,-12.774385432354068,46.89761603176656,-0.002439720436614666,,,
1844,1642612336.9966633,65.39694193287329,-0.013060228236507097,64.94233231678729,-12.771304383985944,46.90053054584474,-0.0024397717634929163,,,
1845,1642612337.0010817,65.3747699094866,-0.012060176909628847,64.92601071285004,-12.767824092428972,46.903221888963095,-0.002439823090371166,,,
1846,1642612337.004505,65.35759173596048,-0.014685125582750584,64.89983595272356,-12.764493531158303,46.90649901432995,-0.0024398744172494163,,,
1847,1642612337.0081463,65.33931883971697,-0.01793507425587234,64.88686322756871,-12.761562233570066,46.910501396636406,-0.002439925744127666,,,
1848,1642612337.0114045,65.32296858763395,-0.016810022928994073,64.86640090938806,-12.759329639770172,46.91425271304481,-0.002439977071005916,,,
1849,1642612337.0158448,65.30071118983369,-0.01455997160211582,64.85010796917793,-12.756498176031473,46.9175019091112,-0.002440028397884166,,,
1850,1642612337.0192504,65.283674565781,-0.013184920275237584,64.82964445667531,-12.782427004205138,46.92044424940312,-0.002440079724762416,,,
1851,1642612337.023389,65.26297036829214,-0.015809868948359323,64.81178833394141,-12.81622060785161,46.92397237194354,-0.002440131051640666,,,
1852,1642612337.026633,65.24674239945561,-0.016184817621481086,64.79063155978731,-12.813224050397833,46.92758416784453,-0.002440182378518916,,,
1853,1642612337.0319412,65.22018797507104,-0.01380976629460282,64.77437603764858,-12.810403079226083,46.9306659484653,-0.0024402337053971656,,,
1854,1642612337.0345502,65.20713618446557,-0.013184714967724585,64.7540486147446,-12.807431624657617,46.933608242940885,-0.002440285032275416,,,
1855,1642612337.038621,65.18677190841714,-0.012184663640846333,64.73633519291549,-12.803808041081368,46.93632736645665,-0.0024403363591536656,,,
1856,1642612337.0418754,65.17049146048103,-0.015184612313968086,64.7151974296783,-12.800059056409935,46.939715957035574,-0.0024403876860319158,,,
1857,1642612337.0459905,65.14990534096623,-0.01818456098708984,64.69898943483184,-12.796786645368666,46.94377401467766,-0.0024404390129101655,,,
1858,1642612337.049644,65.13167190102166,-0.016934509660211587,64.6786667646571,-12.774583249598448,46.94755311148347,-0.0024404903397884157,,,
1859,1642612337.0530488,65.11473224642248,-0.014434458333333336,64.66083112813416,-12.747764281395872,46.95077429807084,-0.0024405416666666655,,,
1860,1642612337.057119,65.09448318517589,-0.011684407006455084,64.63963856865709,-12.744603099805985,46.953381784563334,-0.0024405929935449153,,,
1861,1642612337.0613754,65.07330654113422,-0.012559355679576847,64.62336172916449,-12.740667042154177,46.95618452416927,-0.0024406443204231655,,,
1862,1642612337.0649657,65.05544404840897,-0.01768430435269859,64.60298348856915,-12.737155932422745,46.96013094478807,-0.0024406956473014153,,,
1863,1642612337.0683854,65.03843085143986,-0.017809253025820326,64.58092891949984,-12.734419719295515,46.96410524889101,-0.0024407469741796655,,,
1864,1642612337.07246,65.01815925301538,-0.015309201698942072,64.5635551936658,-12.732158446771843,46.9675216427755,-0.0024407983010579152,,,
1865,1642612337.075717,65.00195502211562,-0.012684150372063835,64.54725808562125,-12.729547235826237,46.970352231503334,-0.0024408496279361654,,,
1866,1642612337.0801263,64.97996420749843,-0.010559099045185597,64.52688461409696,-12.726781647930775,46.972708594827374,-0.0024409009548144152,,,
1867,1642612337.083554,64.96279344064597,-0.015434047718307337,64.50068917823427,-12.724871898178382,46.97615284928784,-0.002440952281692665,,,
1868,1642612337.0876386,64.94233231678729,-0.017433996391429087,64.4877405181992,-12.72233536380812,46.98004341130573,-0.002441003608570915,,,
1869,1642612337.0908968,64.92601071285004,-0.01668394506455084,64.47141104433065,-12.719823839405109,46.983766592240215,-0.002441054935449165,,,
1870,1642612337.096122,64.89983595272356,-0.014683893737672586,64.45103198492176,-12.716662332657059,46.98704344270914,-0.002441106262327415,,,
1871,1642612337.0987117,64.88686322756871,-0.011183842410794334,64.43052775433779,-12.712800844115446,46.98953922345386,-0.002441157589205665,,,
1872,1642612337.1027966,64.86640090938806,-0.014183791083916087,64.41264973421757,-12.709364361015203,46.992704471261746,-0.0024412089160839147,,,
1873,1642612337.106049,64.85010796917793,-0.016058739757037824,64.39553227799924,-12.70637788307288,46.99628813168882,-0.002441260242962165,,,
1874,1642612337.1101341,64.82964445667531,-0.014808688430159573,64.37510315012031,-12.703766411148093,46.999592831279635,-0.0024413115698404147,,,
1875,1642612337.1137068,64.81178833394141,-0.014933637103281336,64.35883328157323,-12.694334199676433,47.00292541435459,-0.002441362896718665,,,
1876,1642612337.117952,64.79063155978731,-0.014058585776403072,64.33686245020021,-12.678576492129029,47.00606272140793,-0.0024414142235969147,,,
1877,1642612337.121214,64.77437603764858,-0.014808534449524822,64.3197221582298,-12.674945666130485,47.009367386636505,-0.002441465550475165,,,
1878,1642612337.1252928,64.7540486147446,-0.018058483122646577,64.29929135047013,-12.671614384685546,47.01339730880467,-0.0024415168773534147,,,
1879,1642612337.1288471,64.73633519291549,-0.01868343179576834,64.28298682085546,-12.668732414991002,47.01756669420984,-0.0024415682042316644,,,
1880,1642612337.1330886,64.7151974296783,-0.016308380468890073,64.26083076080425,-12.666449524169868,47.02120606433479,-0.0024416195311099146,,,
1881,1642612337.1363409,64.69898943483184,-0.01355832914201185,64.2437155417045,-12.663692380931492,47.024231734364854,-0.0024416708579881644,,,
1882,1642612337.1404188,64.6786667646571,-0.012308277815133599,64.22329428551461,-12.66033617930654,47.02697844355866,-0.0024417221848664146,,,
1883,1642612337.1439922,64.66083112813416,-0.015808226488255323,64.2070136348244,-12.661782080406992,47.03050619956849,-0.0024417735117446644,,,
1884,1642612337.14823,64.63963856865709,-0.01968317516137709,64.18079066716885,-12.669277373084073,47.03489868720901,-0.0024418248386229146,,,
1885,1642612337.151485,64.62336172916449,-0.017558123834498826,64.16760092282975,-12.666642023183577,47.03881694944573,-0.0024418761655011644,,,
1886,1642612337.15556,64.60298348856915,-0.013683072507620585,64.14715204885302,-12.663406919953566,47.04187045714361,-0.002441927492379414,,,
1887,1642612337.1599703,64.58092891949984,-0.011308021180742348,64.13086760410161,-12.659597053546454,47.04439394956127,-0.0024419788192576643,,,
1888,1642612337.1634445,64.5635551936658,-0.0130579698538641,64.11037579786482,-12.65616204965367,47.047307959659896,-0.002442030146135914,,,
1889,1642612337.1667035,64.54725808562125,-0.016432918526985838,64.09238360321346,-12.653401790046091,47.050975121636334,-0.0024420814730141643,,,
1890,1642612337.1707776,64.52688461409696,-0.015557867200107574,64.0711643336813,-12.651091363407929,47.054447007591165,-0.002442132799892414,,,
1891,1642612337.176016,64.50068917823427,-0.012682815873229336,64.05484888229763,-12.648306134180148,47.05727729851289,-0.002442184126770664,,,
1892,1642612337.1786058,64.4877405181992,-0.012557764546351099,64.03445486620875,-12.663294176752652,47.060079683042325,-0.002442235453648914,,,
1893,1642612337.1818717,64.47141104433065,-0.015807713219472823,64.01245088063536,-12.69282448712478,47.06360732451135,-0.002442286780527164,,,
1894,1642612337.1859474,64.45103198492176,-0.01930766189259458,63.995442656223105,-12.689877392939733,47.0679160127964,-0.002442338107405414,,,
1895,1642612337.1900482,64.43052775433779,-0.01718261056571634,63.979232583124045,-12.687055768744788,47.07175047567767,-0.002442389434283664,,,
1896,1642612337.1936238,64.41264973421757,-0.014932559238838088,63.95889991596529,-12.684058511302304,47.07508281821692,-0.002442440761161914,,,
1897,1642612337.1970472,64.39553227799924,-0.01305750791195985,63.93704814831608,-12.680634701271714,47.07799672522882,-0.002442492088040164,,,
1898,1642612337.201133,64.37510315012031,-0.011807456585081599,63.919952032241355,-12.67698507414075,47.08063167140446,-0.0024425434149184136,,,
1899,1642612337.204387,64.35883328157323,-0.016307405258203324,63.903718204638935,-12.673611468582793,47.084270823901875,-0.0024425947417966638,,,
1900,1642612337.2087786,64.33686245020021,-0.018182353931325092,63.88340454108287,-12.629779521727732,47.08832838901848,-0.0024426460686749136,,,
1901,1642612337.2122014,64.3197221582298,-0.01668230260444684,63.861430928283575,-12.555899546562166,47.092051203422386,-0.0024426973955531638,,,
1902,1642612337.2162812,64.29929135047013,-0.014432251277568588,63.8443162962693,-12.553078108099168,47.09527189748428,-0.0024427487224314135,,,
1903,1642612337.219537,64.28298682085546,-0.011432199950690336,63.827970995843955,-12.549734414913932,47.09782310157486,-0.0024428000493096633,,,
1904,1642612337.2239614,64.26083076080425,-0.013807148623812073,63.80746267682054,-12.546316122669849,47.100904298037506,-0.0024428513761879135,,,
1905,1642612337.227379,64.2437155417045,-0.016807097296933825,63.7910742363061,-12.543221147497073,47.104654961563305,-0.0024429027030661633,,,
1906,1642612337.231457,64.22329428551461,-0.015057045970055574,63.768352591044746,-12.540698186983889,47.108015084499975,-0.0024429540299444135,,,
1907,1642612337.234708,64.2070136348244,-0.013681994643177337,63.75013788675844,-12.5382995854796,47.111068351662155,-0.0024430053568226633,,,
1908,1642612337.2399464,64.18079066716885,-0.013181943316299086,63.73377341296016,-12.535378729253328,47.11401002761739,-0.0024430566837009135,,,
1909,1642612337.2425833,64.16760092282975,-0.01618189198942084,63.71322195384765,-12.566492541812867,47.11762117063577,-0.0024431080105791632,,,
1910,1642612337.2466714,64.14715204885302,-0.01905684066254258,63.69516098459601,-12.607201311877596,47.121873885779095,-0.002443159337457413,,,
1911,1642612337.249927,64.13086760410161,-0.01718178933566434,63.67397680497427,-12.604487532149934,47.12570816539507,-0.002443210664335663,,,
1912,1642612337.2540238,64.11037579786482,-0.013806738008786073,63.65768732842456,-12.602049032308816,47.12878927022507,-0.002443261991213913,,,
1913,1642612337.2576208,64.09238360321346,-0.01155668668190785,63.63732726912541,-12.598584537840912,47.13136825471306,-0.002443313318092163,,,
1914,1642612337.261863,64.0711643336813,-0.013931635355029587,63.61530825085318,-12.595044980115553,47.134477231573115,-0.002443364644970413,,,
1915,1642612337.2651248,64.05484888229763,-0.01755658402815133,63.59818631750363,-12.591805726781667,47.138395150187414,-0.002443415971848663,,,
1916,1642612337.269202,64.03445486620875,-0.017306532701273077,63.58190398650585,-12.589142047459818,47.1422572674712,-0.002443467298726913,,,
1917,1642612337.2736075,64.01245088063536,-0.014681481374394838,63.561502244820446,-12.5967549781165,47.14553357959832,-0.0024435186256051627,,,
1918,1642612337.2770216,63.995442656223105,-0.014056430047516574,63.539545709754144,-12.611412880830715,47.14867040558027,-0.002443569952483413,,,
1919,1642612337.2802756,63.979232583124045,-0.01493137872063834,63.522547654432344,-12.607915840155364,47.15200248467567,-0.0024436212793616627,,,
1920,1642612337.284357,63.95889991596529,-0.017056327393760076,63.50633628204001,-12.604418809771849,47.155808766266695,-0.002443672606239913,,,
1921,1642612337.2887435,63.93704814831608,-0.018181276066881844,63.48600254849615,-12.60114749972925,47.1598660908476,-0.0024437239331181627,,,
1922,1642612337.2921753,63.919952032241355,-0.016806224740003577,63.4599255542301,-12.598427935645622,47.16361655965403,-0.0024437752599964124,,,
1923,1642612337.295434,63.903718204638935,-0.015056173413125325,63.44696311103587,-12.595733460752857,47.166976487871324,-0.0024438265868746627,,,
1924,1642612337.2995117,63.88340454108287,-0.012556122086247101,63.43073272515883,-12.592386944922895,47.16977850587017,-0.0024438779137529124,,,
1925,1642612337.3039083,63.861430928283575,-0.014181070759368839,63.410475045553774,-12.589140754971034,47.17294314661177,-0.0024439292406311626,,,
1926,1642612337.3073134,63.8443162962693,-0.016806019432490577,63.390279159773996,-12.55864675784031,47.17669356960187,-0.0024439805675094124,,,
1927,1642612337.3105655,63.827970995843955,-0.01718096810561234,63.37221241904757,-12.52062924496093,47.18052766595255,-0.0024440318943876626,,,
1928,1642612337.3146458,63.80746267682054,-0.015555916778734077,63.35506212730431,-12.51814791261359,47.183999116652316,-0.0024440832212659124,,,
1929,1642612337.3179064,63.7910742363061,-0.012680865451855837,63.334669283883954,-12.5150926579467,47.18682897231898,-0.002444134548144162,,,
1930,1642612337.322427,63.768352591044746,-0.012055814124977601,63.31831201398732,-12.511263852228096,47.189519341840466,-0.0024441858750224124,,,
1931,1642612337.326051,63.75013788675844,-0.01468076279809934,63.29538842765582,-12.507584778299949,47.192795493610454,-0.002444237201900662,,,
1932,1642612337.3293068,63.73377341296016,-0.01618071147122109,63.2790454894793,-12.504729183087642,47.196406373184985,-0.0024442885287789123,,,
1933,1642612337.3333957,63.71322195384765,-0.01468066014434284,63.25861562244864,-12.50227285556497,47.19968250204681,-0.002444339855657162,,,
1934,1642612337.336999,63.69516098459601,-0.013555608817464603,63.24235270304278,-12.509530451068724,47.2027075650106,-0.002444391182535412,,,
1935,1642612337.34124,63.67397680497427,-0.012180557490586337,63.22002934256021,-12.525111772184902,47.2054257721999,-0.002444442509413662,,,
1936,1642612337.344501,63.65768732842456,-0.017305506163708077,63.20293469252173,-12.522099443999652,47.20928766040207,-0.002444493836291912,,,
1937,1642612337.348577,63.63732726912541,-0.017680454836829843,63.18258482648652,-12.519262211120084,47.21323322196481,-0.002444545163170162,,,
1938,1642612337.3529851,63.61530825085318,-0.01618040350995159,63.16631232104458,-12.51680017073346,47.216844032814855,-0.002444596490048412,,,
1939,1642612337.356413,63.59818631750363,-0.013305352183073351,63.140236039167384,-12.514088019131973,47.2198132486318,-0.002444647816926662,,,
1940,1642612337.3596725,63.58190398650585,-0.0113053008561951,63.12728070844539,-12.510575489069248,47.22233613398318,-0.002444699143804912,,,
1941,1642612337.363757,63.561502244820446,-0.014055249529316825,63.106897480020756,-12.506837859938333,47.225472696521265,-0.0024447504706831616,,,
1942,1642612337.368156,63.539545709754144,-0.01743019820243859,63.090675018162955,-12.503450411148828,47.22936241093717,-0.002444801797561412,,,
1943,1642612337.3715663,63.522547654432344,-0.017430146875560344,63.07027868308533,-12.499387317144134,47.23325211389899,-0.0024448531244396616,,,
1944,1642612337.3748188,63.50633628204001,-0.016305095548682078,63.05246734232682,-12.495352685215979,47.23689075096277,-0.0024449044513179118,,,
1945,1642612337.3788984,63.48600254849615,-0.013555044221803852,63.03132515145614,-12.492016038842168,47.23991568793166,-0.0024449557781961615,,,
1946,1642612337.3841302,63.4599255542301,-0.013429992894925588,63.01507760421036,-12.488354317619866,47.242912718508265,-0.0024450071050744118,,,
1947,1642612337.386731,63.44696311103587,-0.016679941568047342,62.99470411193672,-12.48496767868823,47.246635006024455,-0.0024450584319526615,,,
1948,1642612337.3899872,63.43073272515883,-0.01617989024116909,62.97688341407373,-12.482231220260513,47.250245702333686,-0.0024451097588309113,,,
1949,1642612337.3940516,63.410475045553774,-0.014554838914290826,62.95561370266059,-12.479369739362827,47.25349375299201,-0.0024451610857091615,,,
1950,1642612337.3981035,63.390279159773996,-0.013554787587412603,62.93937211431867,-12.475858098493346,47.2565186326905,-0.0024452124125874113,,,
1951,1642612337.4017203,63.37221241904757,-0.012429736260534337,62.91902960834506,-12.464755989569346,47.259292446490946,-0.0024452637394656615,,,
1952,1642612337.405144,63.35506212730431,-0.015304684933656077,62.897076091667444,-12.448340937362078,47.26270783241633,-0.0024453150663439113,,,
1953,1642612337.409215,63.334669283883954,-0.019179633606777845,62.88002883169585,-12.44523444025132,47.2669879499724,-0.0024453663932221615,,,
1954,1642612337.4124804,63.31831201398732,-0.018429582279899593,62.863708536315166,-12.442727144530071,47.27110068644508,-0.0024454177201004112,,,
1955,1642612337.4170566,63.29538842765582,-0.014304530953021326,62.84330100487658,-12.440219859070005,47.27429287850248,-0.002445469046978661,,,
1956,1642612337.420319,63.2790454894793,-0.012304479626143103,62.82103249183337,-12.437088426414064,47.277038740094305,-0.002445520373856911,,,
1957,1642612337.4243975,63.25861562244864,-0.015804428299264827,62.803900479011276,-12.434131768095263,47.28056564850216,-0.002445571700735161,,,
1958,1642612337.427644,63.24235270304278,-0.01667937697238659,62.787619575800534,-12.431524648200762,47.28428781002346,-0.002445623027613411,,,
1959,1642612337.432104,63.22002934256021,-0.015054325645508328,62.76724188691495,-12.43188258130315,47.28764732589384,-0.002445674354491661,,,
1960,1642612337.4355247,63.20293469252173,-0.01417927431863009,62.741019136687534,-12.435883103387484,47.29081156574262,-0.0024457256813699107,,,
1961,1642612337.4395967,63.18258482648652,-0.012304222991751853,62.72809945361452,-12.432549284819512,47.29355737006404,-0.002445777008248161,,,
1962,1642612337.4428527,63.16631232104458,-0.013554171664873604,62.7118353474122,-12.428965610655068,47.296582112313565,-0.0024458283351264107,,,
1963,1642612337.4480705,63.140236039167384,-0.01755412033799533,62.691471818137316,-12.425331973582429,47.300499481131986,-0.002445879662004661,,,
1964,1642612337.4506629,63.12728070844539,-0.018679069011117093,62.67104745948312,-12.42219807846672,47.304667892940294,-0.0024459309888829107,,,
1965,1642612337.4547415,63.106897480020756,-0.016929017684238844,62.65270680525364,-12.41951395213316,47.308445764159465,-0.002445982315761161,,,
1966,1642612337.4579875,63.090675018162955,-0.014053966357360576,62.63556365488359,-12.416330104368209,47.31158204034554,-0.0024460336426394107,,,
1967,1642612337.4620688,63.07027868308533,-0.01242891503048234,62.61520489654042,-12.412971360769923,47.314355670880694,-0.0024460849695176604,,,
1968,1642612337.4656324,63.05246734232682,-0.016678863703604094,62.59895033220152,-12.401890489978799,47.318077717861186,-0.0024461362963959106,,,
1969,1642612337.469862,63.03132515145614,-0.01830381237672583,62.57681697082218,-12.385012037556239,47.32216238758444,-0.0024461876232741604,,,
1970,1642612337.4731123,63.01507760421036,-0.016928761049847592,62.55975453567986,-12.38253225343904,47.32594020153321,-0.0024462389501524106,,,
1971,1642612337.477188,62.99470411193672,-0.01367870972296934,62.53930828987067,-12.379403978547812,47.32899273563422,-0.0024462902770306604,,,
1972,1642612337.4807532,62.97688341407373,-0.014303658396091077,62.523055961943086,-12.375702039952406,47.332184732972244,-0.00244634160390891,,,
1973,1642612337.4850082,62.95561370266059,-0.01755360706921283,62.50103849048879,-12.37219965035475,47.33610198724986,-0.0024463929307871604,,,
1974,1642612337.4882574,62.93937211431867,-0.019053555742334582,62.483912728381306,-12.36902152150563,47.340353969332014,-0.00244644425766541,,,
1975,1642612337.492327,62.91902960834506,-0.018178504415456345,62.46321914895345,-12.36656673093614,47.34441067539256,-0.0024464955845436604,,,
1976,1642612337.4967163,62.897076091667444,-0.015553453088578077,62.44693933951269,-12.397993760698652,47.347881576296444,-0.00244654691142191,,,
1977,1642612337.500121,62.88002883169585,-0.012553401761699853,62.41973241742259,-12.478007014057562,47.35068298722901,-0.0024465982383001603,,,
1978,1642612337.5033808,62.863708536315166,-0.012553350434821604,62.40687142322854,-12.474572107667012,47.35348438670749,-0.00244664956517841,,,
1979,1642612337.5074568,62.84330100487658,-0.01567829910794334,62.39074961189804,-12.471464543736024,47.35698314818735,-0.00244670089205666,,,
1980,1642612337.5119045,62.82103249183337,-0.014803247781065077,62.37050177206022,-12.46898647498376,47.36028663364561,-0.00244675221893491,,,
1981,1642612337.5153263,62.803900479011276,-0.013053196454186854,62.350257483021466,-12.467012004449844,47.363199578514724,-0.00244680354581316,,,
1982,1642612337.518578,62.787619575800534,-0.013553145127308604,62.33251058932134,-12.463753395166966,47.366224091682625,-0.00244685487269141,,,
1983,1642612337.522648,62.76724188691495,-0.015178093800430342,62.31556144180993,-12.459789773215693,47.36961122759329,-0.00244690619956966,,,
1984,1642612337.5278869,62.741019136687534,-0.016678042473552094,62.29533135596742,-12.456103134926614,47.373333091308496,-0.00244695752644791,,,
1985,1642612337.5304694,62.72809945361452,-0.017927991146673844,62.27510363732428,-12.403789987860032,47.377333892951796,-0.00244700885332616,,,
1986,1642612337.5337205,62.7118353474122,-0.018177939819795597,62.25293924512418,-12.314782399230864,47.381390473017454,-0.0024470601802044096,,,
1987,1642612337.537791,62.691471818137316,-0.015677888492917343,62.24000285341157,-12.311858372860183,47.384889142864665,-0.00244711150708266,,,
1988,1642612337.5418737,62.67104745948312,-0.01342783716603909,62.219554738222534,-12.30781369339536,47.38788569236987,-0.0024471628339609096,,,
1989,1642612337.5455399,62.65270680525364,-0.01592778583916084,62.199097049385614,-12.303918445927847,47.391440129185355,-0.0024472141608391598,,,
1990,1642612337.5489666,62.63556365488359,-0.01680273451228258,62.176944824871995,-12.300645799425363,47.39518981911429,-0.0024472654877174095,,,
1991,1642612337.5530362,62.61520489654042,-0.01580268318540433,62.163909106562514,-12.298618344613356,47.398716338083396,-0.0024473168145956593,,,
1992,1642612337.5562854,62.59895033220152,-0.014177631858526092,62.143477745257286,-12.29634186374013,47.40188021140159,-0.0024473681414739095,,,
1993,1642612337.5607069,62.57681697082218,-0.012427580531647841,62.12307151477778,-12.301116119939017,47.404653544130646,-0.0024474194683521593,,,
1994,1642612337.5641115,62.55975453567986,-0.015677529204769593,62.10090376515934,-12.312337453738058,47.40815213379929,-0.0024474707952304095,,,
1995,1642612337.5681913,62.53930828987067,-0.01855247787789133,62.08796985503465,-12.30893371640527,47.41229229559288,-0.0024475221221086593,,,
1996,1642612337.5714343,62.523055961943086,-0.017552426551013082,62.06751853514685,-12.306528076807254,47.416209286426636,-0.0024475734489869095,,,
1997,1642612337.5758276,62.50103849048879,-0.015927375224134843,62.04714604415075,-12.304696347772236,47.41976363160948,-0.0024476247758651593,,,
1998,1642612337.5792449,62.483912728381306,-0.012302323897256605,62.03084996235731,-12.301292641167691,47.42250901212991,-0.002447676102743409,,,
1999,1642612337.583374,62.46321914895345,-0.01342727257037834,62.0123000908875,-12.297464757632182,47.425505435640225,-0.0024477274296216592,,,
2000,1642612337.5866225,62.44693933951269,-0.01680222124350008,61.99101629012825,-12.29373669309071,47.42925501102835,-0.002447778756499909,,,
2001,1642612337.5920663,62.41973241742259,-0.01705216991662183,61.97471901395766,-12.290881965352382,47.43306036483883,-0.002447830083378159,,,
2002,1642612337.594657,62.40687142322854,-0.015427118589743593,61.95431905228718,-12.298932372438255,47.4365030729984,-0.002447881410256409,,,
2003,1642612337.5979044,62.39074961189804,-0.012302067262865354,61.932120383974485,-12.31373583408216,47.43924839624843,-0.0024479327371346588,,,
2004,1642612337.601983,62.37050177206022,-0.009802015935987101,61.915012393544245,-12.309674315381878,47.44143580928001,-0.002447984064012909,,,
2005,1642612337.606061,62.350257483021466,-0.016176964609108845,61.89879698355648,-12.30586289018434,47.44504585270664,-0.0024480353908911587,,,
2006,1642612337.6096358,62.33251058932134,-0.019676913282230597,61.87846068816138,-12.30280172491836,47.449436942949305,-0.002448086717769409,,,
2007,1642612337.61305,62.31556144180993,-0.01830186195535233,61.85641550043715,-12.300840936110703,47.453521177417485,-0.0024481380446476587,,,
2008,1642612337.617125,62.29533135596742,-0.014551810628474078,61.839345644284826,-12.298480024410482,47.456768552285034,-0.002448189371525909,,,
2009,1642612337.6211996,62.27510363732428,-0.010051759301595853,61.823092100019146,-12.29441855705772,47.459011697922655,-0.0024482406984041587,,,
2010,1642612337.6256466,62.25293924512418,-0.014676707974717592,61.802708136776644,-12.282429790572367,47.462286944820264,-0.0024482920252824085,,,
2011,1642612337.628224,62.24000285341157,-0.020301656647839332,61.780696240132876,-12.264951553229205,47.46681745248361,-0.0024483433521606587,,,
2012,1642612337.6322978,62.219554738222534,-0.019551605320961084,61.76312884138514,-12.262869524766673,47.471180579063564,-0.0024483946790389084,,,
2013,1642612337.6363735,62.199097049385614,-0.016426553994082844,61.74687108833406,-12.260862396611323,47.47484632073399,-0.0024484460059171586,,,
2014,1642612337.640787,62.176944824871995,-0.010176502667204589,61.72648980179507,-12.257257624120317,47.47711730403942,-0.0024484973327954084,,,
2015,1642612337.643384,62.163909106562514,-0.01142645134032634,61.69183254147249,-12.25307870476734,47.47966722527295,-0.0024485486596736586,,,
2016,1642612337.6474545,62.143477745257286,-0.019426400013448097,61.6879024105396,-12.249573806187813,47.484002411098366,-0.0024485999865519084,,,
2017,1642612337.65152,62.12307151477778,-0.020551348686569833,61.669760773341466,-12.246967598560177,47.488588639913665,-0.002448651313430158,,,
2018,1642612337.6559396,62.10090376515934,-0.017051297359691582,61.649384262174195,-12.244985485016752,47.49239379900477,-0.0024487026403084084,,,
2019,1642612337.6585214,62.08796985503465,-0.012051246032813354,61.63307875540583,-12.275275583879205,47.49508314911307,-0.002448753967186658,,,
2020,1642612337.6626039,62.06751853514685,-0.009176194705935089,61.6148154747487,-12.315230835866398,47.497130904188275,-0.0024488052940649084,,,
2021,1642612337.6666706,62.04714604415075,-0.017051143379056832,61.593723050824856,-12.31140224028153,47.50093602891714,-0.002448856620943158,,,
2022,1642612337.6699235,62.03084996235731,-0.019176092052178597,61.577573941326804,-12.3084026832356,47.50521535614163,-0.002448907947821408,,,
2023,1642612337.6736264,62.0123000908875,-0.018676040725300345,61.557303623689755,-12.30663411779582,47.509383092159176,-0.002448959274699658,,,
2024,1642612337.677875,61.99101629012825,-0.01430098939842208,61.535412819490276,-12.304312877189947,47.512574493885,-0.002449010601577908,,,
2025,1642612337.6811283,61.97471901395766,-0.009425938071543839,61.51802877111119,-12.300635055278219,47.51467798156624,-0.002449061928456158,,,
2026,1642612337.6852005,61.95431905228718,-0.01455088674466558,61.50185474930142,-12.296906999536183,47.51792515026033,-0.002449113255334408,,,
2027,1642612337.6896353,61.932120383974485,-0.020300835417787336,61.4815891768666,-12.278380875081893,47.522455474658386,-0.002449164582212658,,,
2028,1642612337.693058,61.915012393544245,-0.019050784090909084,61.45958694131839,-12.249803793639316,47.52670683822018,-0.002449215909090908,,,
2029,1642612337.6963022,61.89879698355648,-0.01530073276403083,61.44261242139685,-12.247465482198038,47.530121342181346,-0.0024492672359691576,,,
2030,1642612337.7003708,61.87846068816138,-0.009800681437152603,61.426369972285386,-12.24342470486027,47.53230845740683,-0.002449318562847408,,,
2031,1642612337.7047813,61.85641550043715,-0.011800630110274355,61.40601126161091,-12.238933282332646,47.53494188018972,-0.0024493698897256576,,,
2032,1642612337.7081964,61.839345644284826,-0.020300578783396084,61.37999001297943,-12.234917561960941,47.539472147317376,-0.002449421216603908,,,
2033,1642612337.7114482,61.823092100019146,-0.019800527456517836,61.36697462722752,-12.23227885467483,47.54389082323807,-0.0024494725434821576,,,
2034,1642612337.7155263,61.802708136776644,-0.017050476129639582,61.35070479985812,-12.230416286520253,47.54769579906389,-0.0024495238703604078,,,
2035,1642612337.7199273,61.780696240132876,-0.01042542480276134,61.330377038518705,-12.22722679866809,47.55002233171006,-0.0024495751972386575,,,
2036,1642612337.7234356,61.76312884138514,-0.010050373475883103,61.309976665277794,-12.2075395455683,47.552265168087494,-0.0024496265241169073,,,
2037,1642612337.7266824,61.74687108833406,-0.018050322149004833,61.292064654570446,-12.184311579473933,47.556293269056816,-0.0024496778509951575,,,
2038,1642612337.7307527,61.72648980179507,-0.0209252708221266,61.27497486374677,-12.181580759040184,47.56096294215107,-0.0024497291778734073,,,
2039,1642612337.737674,61.69183254147249,-0.017550219495248334,61.25460082461322,-12.179698706364547,47.56487944045936,-0.0024497805047516575,,,
2040,1642612337.7384589,61.6879024105396,-0.013050168168370107,61.234201714881884,-12.176618418038355,47.56779170953771,-0.0024498318316299073,,,
2041,1642612337.7420819,61.669760773341466,-0.00992511684149184,61.215851231141,-12.17224004024443,47.570006593706516,-0.002449883158508157,,,
2042,1642612337.7461512,61.649384262174195,-0.017050065514613584,61.19873995123351,-12.168311014908669,47.57381147789969,-0.0024499344853864072,,,
2043,1642612337.7494075,61.63307875540583,-0.020800014187735336,61.17836471826197,-12.165130903513932,47.578453198785326,-0.002449985812264657,,,
2044,1642612337.7530649,61.6148154747487,-0.019049962860857084,61.15776623758634,-12.163182336237831,47.582704379081825,-0.0024500371391429072,,,
2045,1642612337.757304,61.593723050824856,-0.014924911533978845,61.139805141639755,-12.160892451944484,47.586035014963045,-0.002450088466021157,,,
2046,1642612337.7605495,61.577573941326804,-0.008799860207100604,61.12271338395937,-12.156788622378656,47.58799878741749,-0.002450139792899407,,,
2047,1642612337.7646234,61.557303623689755,-0.011549808880222355,61.102339846446384,-12.152734731208456,47.590576237058656,-0.002450191119777657,,,
2048,1642612337.769023,61.535412819490276,-0.018299757553344086,61.08608733620955,-12.149404808339009,47.59466000190952,-0.0024502424466559068,,,
2049,1642612337.7725167,61.51802877111119,-0.018549706226465835,61.05989875702155,-12.147273171123954,47.59879954518274,-0.002450293773534157,,,
2050,1642612337.7757673,61.50185474930142,-0.016549654899587582,61.04691250710556,-12.145316292657201,47.60249275799039,-0.0024503451004124067,,,
2051,1642612337.7798402,61.4815891768666,-0.009299603572709354,61.026233354591795,-12.141562011334141,47.604568052927306,-0.002450396427290657,,,
2052,1642612337.7842567,61.45958694131839,-0.011674552245831093,61.00997248769478,-12.13715867442571,47.60717334023629,-0.0024504477541689067,,,
2053,1642612337.7876565,61.44261242139685,-0.02017450091895285,60.989512995962826,-12.153157334586664,47.611675471890024,-0.002450499081047157,,,
2054,1642612337.7909098,61.426369972285386,-0.0224244495920746,60.97162930707283,-12.175233431817453,47.616679700977606,-0.0024505504079254067,,,
2055,1642612337.7949874,61.40601126161091,-0.020049398265196337,60.95055278762881,-12.173620170810137,47.62115391478496,-0.0024506017348036565,,,
2056,1642612337.8001993,61.37999001297943,-0.013174346938318093,60.934335048203344,-12.170553661410066,47.62409389553624,-0.0024506530616819067,,,
2057,1642612337.8028061,61.36697462722752,-0.009299295611439854,60.913972180659236,-12.166610195847033,47.62616912174867,-0.0024507043885601564,,,
2058,1642612337.8060648,61.35070479985812,-0.015924244284561597,60.89618321763413,-12.163042583342461,47.62972276823258,-0.0024507557154384066,,,
2059,1642612337.8101363,61.330377038518705,-0.01892419295768335,60.87506625791578,-12.160201610463039,47.63394588177965,-0.0024508070423166564,,,
2060,1642612337.8142223,61.309976665277794,-0.017549141630805083,60.858847329070485,-12.158463119972447,47.63786213955224,-0.002450858369194906,,,
2061,1642612337.8178053,61.292064654570446,-0.013674090303926844,60.83855701613619,-12.115594005874247,47.64091364278598,-0.0024509096960731564,,,
2062,1642612337.8212183,61.27497486374677,-0.00942403897704859,60.82077827535434,-12.062454792653508,47.64301670666623,-0.002450961022951406,,,
2063,1642612337.825287,61.25460082461322,-0.015423987650170345,60.79952357238192,-12.05799305356781,47.646458716126865,-0.0024510123498296564,,,
2064,1642612337.829361,61.234201714881884,-0.021923936323292103,60.78317545989781,-12.05452623560115,47.65135125092077,-0.002451063676707906,,,
2065,1642612337.8330257,61.215851231141,-0.01967388499641385,60.76269119347826,-12.052377684800573,47.65574166537266,-0.0024511150035861563,,,
2066,1642612337.836443,61.19873995123351,-0.015923833669535595,60.73956012403339,-12.05042812640246,47.65929522022393,-0.002451166330464406,,,
2067,1642612337.840512,61.17836471826197,-0.010423782342657341,60.72225945002591,-12.046836975210796,47.66162138633951,-0.002451217657342656,,,
2068,1642612337.8446257,61.15776623758634,-0.012298731015779107,60.70594848145026,-12.042847869865806,47.664365965074296,-0.002451268984220906,,,
2069,1642612337.8482127,61.139805141639755,-0.020548679688900836,60.68546661141189,-12.064785106066594,47.66895159827739,-0.002451320311099156,,,
2070,1642612337.8516262,61.12271338395937,-0.020298628362022585,60.66339918697004,-12.106975431605965,47.67348143014997,-0.002451371637977406,,,
2071,1642612337.855695,61.102339846446384,-0.016673577035144348,60.6504393483641,-12.105164704082563,47.67720229736015,-0.002451422964855656,,,
2072,1642612337.8589408,61.08608733620955,-0.010673525708266091,60.6300960113043,-12.102053090058156,47.67958419608176,-0.0024514742917339056,,,
2073,1642612337.864171,61.05989875702155,-0.009798474381387855,60.60970859721275,-12.098090899958278,47.68177081878177,-0.002451525618612156,,,
2074,1642612337.8667645,61.04691250710556,-0.018798423054509586,60.59345489393677,-12.09412872012607,47.68596586557941,-0.0024515769454904056,,,
2075,1642612337.8708944,61.026233354591795,-0.022048371727631338,60.57072067572226,-12.090942085184421,47.69088616931664,-0.002451628272368656,,,
2076,1642612337.874142,61.00997248769478,-0.019798320400753085,60.55441693905888,-12.088956288303082,47.69530435271187,-0.0024516795992469056,,,
2077,1642612337.878228,60.989512995962826,-0.013673269073874846,60.53406764564344,-12.086270018820876,47.69835567268032,-0.002451730926125156,,,
2078,1642612337.8818054,60.97162930707283,-0.008048217746996603,60.51780441219844,-12.083337029143891,47.70015170897487,-0.0024517822530034056,,,
2079,1642612337.8860302,60.95055278762881,-0.015298166420118333,60.495837270572366,-12.081237017936598,47.703565640232,-0.0024518335798816553,,,
2080,1642612337.889281,60.934335048203344,-0.0196731150932401,60.47884624708517,-12.077824306952685,47.70795588287268,-0.0024518849067599055,,,
2081,1642612337.8933628,60.913972180659236,-0.017798063766361834,60.45840152148031,-12.075587751831064,47.71192768998601,-0.0024519362336381553,,,
2082,1642612337.8969285,60.89618321763413,-0.014173012439483596,60.442158403141356,-12.073176036376168,47.71509053243693,-0.0024519875605164055,,,
2083,1642612337.9011614,60.87506625791578,-0.008672961112605342,60.41960453738118,-12.069387990595125,47.717025986152166,-0.0024520388873946553,,,
2084,1642612337.9044125,60.858847329070485,-0.013422909785727095,60.40247774767281,-12.06542478447492,47.720021436065615,-0.0024520902142729055,,,
2085,1642612337.9084797,60.83855701613619,-0.021797858458848837,60.38214973338089,-12.061686807990268,47.72488583538561,-0.0024521415411511553,,,
2086,1642612337.9120317,60.82077827535434,-0.022422807131970604,60.36583873193135,-12.051338382778912,47.7298896979426,-0.002452192868029405,,,
2087,1642612337.916261,60.79952357238192,-0.01742275580509235,60.34551719875835,-12.037645950602554,47.73377775151679,-0.0024522441949076552,,,
2088,1642612337.919514,60.78317545989781,-0.010797704478214107,60.32842537807828,-12.03408879524169,47.736187361911334,-0.002452295521785905,,,
2089,1642612337.92359,60.76269119347826,-0.009797653151335855,60.30803185039546,-12.029807087955904,47.73837380134606,-0.0024523468486641552,,,
2090,1642612337.9281926,60.73956012403339,-0.018047601824457585,60.28766456460355,-12.026224968206218,47.742401295249095,-0.002452398175542405,,,
2091,1642612337.9316351,60.72225945002591,-0.020047550497579336,60.26558439902264,-12.023567300125977,47.746875096709545,-0.0024524495024206548,,,
2092,1642612337.9348807,60.70594848145026,-0.0169224991707011,60.252616133656346,-12.02183408369467,47.75065151326045,-0.002452500829298905,,,
2093,1642612337.9389563,60.68546661141189,-0.012172447843822844,60.23226554724957,-12.018901602199518,47.753367910704995,-0.0024525521561771547,,,
2094,1642612337.9433565,60.66339918697004,-0.009047396516944604,60.21189349020477,-12.014694900917627,47.755386923239996,-0.002452603483055405,,,
2095,1642612337.9459503,60.6504393483641,-0.015547345190066333,60.195602047197696,-12.03784713492001,47.758856461108266,-0.0024526548099336547,,,
2096,1642612337.9500217,60.6300960113043,-0.019797293863188088,60.17286761818986,-12.044151822590672,47.763274415421876,-0.002452706136811905,,,
2097,1642612337.954102,60.60970859721275,-0.019797242536309836,60.15637306583316,-12.042313054481458,47.7676923582814,-0.0024527574636901547,,,
2098,1642612337.957355,60.59345489393677,-0.0159221912094316,60.139785760604724,-12.039922930598898,47.77124554660209,-0.0024528087905684045,,,
2099,1642612337.961905,60.57072067572226,-0.009922139882553343,60.11949190792507,-12.03612933977502,47.773459766434215,-0.0024528601174466547,,,
2100,1642612337.965168,60.55441693905888,-0.013422088555675095,60.10156325347463,-12.032210448771014,47.77645503308237,-0.0024529114443249045,,,
2101,1642612337.9692407,60.53406764564344,-0.020922037228796854,60.0800719374381,-12.028767747840579,47.78112398456954,-0.0024529627712031547,,,
2102,1642612337.9724956,60.51780441219844,-0.021421985901918603,60.063819969515166,-12.026327540932446,47.7859045043555,-0.0024530140980814044,,,
2103,1642612337.9768925,60.495837270572366,-0.017046934575040334,60.04349163179345,-12.004758045730316,47.78970868984974,-0.002453065424959654,,,
2104,1642612337.980294,60.47884624708517,-0.011171883248162094,60.02127966375048,-11.966907017110794,47.792201801793645,-0.0024531167518379044,,,
2105,1642612337.984387,60.45840152148031,-0.012046831921283859,60.00418336687706,-11.962781077387554,47.794890166851,-0.002453168078716154,,,
2106,1642612337.9876387,60.442158403141356,-0.0189217805944056,59.9878825799399,-11.9589545535495,47.79911274205627,-0.0024532194055944044,,,
2107,1642612337.992154,60.41960453738118,-0.01979672926752734,59.96745851927906,-11.956001306397798,47.803530570374996,-0.002453270732472654,,,
2108,1642612337.9955826,60.40247774767281,-0.0186716779406491,59.94109441220227,-11.954046088291346,47.80769733279567,-0.0024533220593509044,,,
2109,1642612337.9996521,60.38214973338089,-0.014421626613770847,59.92814050040235,-11.95091820834335,47.81091565586284,-0.002453373386229154,,,
2110,1642612338.0029175,60.36583873193135,-0.010671575286892594,59.911838519005826,-11.946742418905032,47.81329711932939,-0.002453424713107404,,,
2111,1642612338.0069833,60.34551719875835,-0.017796523960014337,59.89144551428844,-11.94286604535569,47.8172685828203,-0.002453476039985654,,,
2112,1642612338.0103996,60.32842537807828,-0.021421472633136103,59.871023842546336,-11.971994719297959,47.82204898806545,-0.002453527366863904,,,
2113,1642612338.0144758,60.30803185039546,-0.01792142130625785,59.85305516188144,-12.010874807332486,47.82604832358641,-0.002453578693742154,,,
2114,1642612338.0185468,60.28766456460355,-0.013296369979379611,59.83609463906868,-12.008531175370985,47.82901553493922,-0.002453630020620404,,,
2115,1642612338.0229602,60.26558439902264,-0.008671318652501342,59.815827728461336,-12.004480565856701,47.83095062212387,-0.002453681347498654,,,
2116,1642612338.0255523,60.252616133656346,-0.014671267325623098,59.79553113753267,-12.000279350077335,47.83422465488892,-0.002453732674376904,,,
2117,1642612338.02962,60.23226554724957,-0.02104621599874484,59.77768257950614,-11.996705713664369,47.83892131804901,-0.0024537840012551536,,,
2118,1642612338.033692,60.21189349020477,-0.02129616467186659,59.76060214819526,-11.994186403599262,47.84367375963146,-0.002453835328133404,,,
2119,1642612338.0369482,60.195602047197696,-0.01692111334498835,59.74032336545939,-11.991792617642139,47.84744986692219,-0.0024538866550116536,,,
2120,1642612338.0415027,60.17286761818986,-0.009171062018110092,59.724159462470745,-11.976065075248219,47.849496476589316,-0.002453937981889904,,,
2121,1642612338.0448098,60.15637306583316,-0.011921010691231845,59.70224764636336,-11.951119102952513,47.852156763443155,-0.0024539893087681536,,,
2122,1642612338.0481355,60.139785760604724,-0.0189209593643536,59.685265363998866,-11.947605410774326,47.85637915538314,-0.0024540406356464038,,,
2123,1642612338.0522044,60.11949190792507,-0.01954590803747534,59.664604479986544,-11.944942876205758,47.860741010560126,-0.0024540919625246536,,,
2124,1642612338.055799,60.10156325347463,-0.0171708567105971,59.6483983944746,-11.94303136427842,47.864572850456895,-0.0024541432894029033,,,
2125,1642612338.060108,60.0800719374381,-0.012170805383718845,59.613549298669774,-11.93946763543848,47.86728888137085,-0.0024541946162811535,,,
2126,1642612338.0633664,60.063819969515166,-0.011170754056840594,59.609611171080445,-11.935027735812541,47.86978174132498,-0.0024542459431594033,,,
2127,1642612338.0674422,60.04349163179345,-0.01817070272996235,59.591412212054436,-11.931188656344371,47.873836706365246,-0.0024542972700376535,,,
2128,1642612338.0718884,60.02127966375048,-0.020670651403084103,59.57103109224511,-11.90481084853088,47.87844955871579,-0.0024543485969159033,,,
2129,1642612338.075301,60.00418336687706,-0.019170600076205854,59.54429142269251,-11.848083702186083,47.882727660353645,-0.002454399923794153,,,
2130,1642612338.0785546,59.9878825799399,-0.014795548749327585,59.531217517057605,-11.845065648271431,47.88602942769978,-0.0024544512506724033,,,
2131,1642612338.0826313,59.96745851927906,-0.009795497422449357,59.51458693388609,-11.84058029575561,47.8882153860631,-0.002454502577550653,,,
2132,1642612338.0878937,59.94109441220227,-0.015670446095571097,59.494132443026125,-11.836542606995193,47.8917123950686,-0.0024545539044289032,,,
2133,1642612338.0904794,59.92814050040235,-0.020920394768692854,59.47775351156711,-11.833251017663395,47.896380980025185,-0.002454605231307153,,,
2134,1642612338.0937333,59.911838519005826,-0.019420343441814602,59.454625520847245,-11.831103442024741,47.90071481426907,-0.0024546565581854032,,,
2135,1642612338.0978038,59.89144551428844,-0.015670292114936347,59.43820704411912,-11.828632571268397,47.90421178891233,-0.002454707885063653,,,
2136,1642612338.10188,59.871023842546336,-0.008670240788058094,59.41769023950177,-11.8248933590432,47.906146635561285,-0.0024547592119419028,,,
2137,1642612338.1054764,59.85305516188144,-0.011670189461179845,59.40130531633532,-11.8635351935875,47.9087509492734,-0.002454810538820153,,,
2138,1642612338.1088824,59.83609463906868,-0.020170138134301602,59.378507597719235,-11.875246665136801,47.913252107330266,-0.0024548618656984027,,,
2139,1642612338.1129525,59.815827728461336,-0.020920086807423355,59.36195084940171,-11.872738752206764,47.91792062356237,-0.002454913192576653,,,
2140,1642612338.1170285,59.79553113753267,-0.017795035480545087,59.34158643057295,-11.870630711099261,47.921891754884925,-0.0024549645194549027,,,
2141,1642612338.1206129,59.77768257950614,-0.01254498415366686,59.325343311238974,-11.867098173456691,47.924691287348246,-0.0024550158463331525,,,
2142,1642612338.124043,59.76060214819526,-0.011919932826788597,59.30318536392638,-11.862840897018552,47.927351333666394,-0.0024550671732114027,,,
2143,1642612338.1281154,59.74032336545939,-0.018419881499910352,59.28607648549714,-11.859083457784362,47.9314619053178,-0.0024551185000896525,,,
2144,1642612338.1313615,59.724159462470745,-0.020044830173032088,59.265719221702234,-11.856250708650991,47.93593509971197,-0.0024551698269679027,,,
2145,1642612338.1357574,59.70224764636336,-0.01754477884615384,59.24948087239081,-11.86546232216397,47.93985038388769,-0.0024552211538461525,,,
2146,1642612338.1391585,59.685265363998866,-0.013294727519275611,59.22353731475902,-11.887460849692156,47.94281722870991,-0.0024552724807244027,,,
2147,1642612338.1432962,59.664604479986544,-0.009544676192397359,59.210604933116734,-11.883065217135279,47.94494721393151,-0.0024553238076026524,,,
2148,1642612338.1465418,59.6483983944746,-0.01779462486551909,59.19031115166483,-11.878719730978503,47.94891825362143,-0.002455375134480902,,,
2149,1642612338.153521,59.613549298669774,-0.022169573538640856,59.17386332117935,-11.875226569012682,47.9538656046949,-0.0024554264613591524,,,
2150,1642612338.1543097,59.609611171080445,-0.019169522211762602,59.15347680891588,-11.873237500675993,47.95814346579705,-0.002455477788237402,,,
2151,1642612338.1579545,59.591412212054436,-0.014669470884884349,59.1348854700556,-11.870822285694768,47.96141709766927,-0.0024555291151156524,,,
2152,1642612338.1620362,59.57103109224511,-0.009919419558006095,59.11760900654892,-11.866852861547637,47.96363071043512,-0.002455580441993902,,,
2153,1642612338.1673808,59.54429142269251,-0.015169368231127849,59.09719396172805,-11.86275810741702,47.96701589915205,-0.0024556317688721524,,,
2154,1642612338.169982,59.531217517057605,-0.022544316904249594,59.07686451457939,-11.849215222936161,47.97204687776977,-0.002455683095750402,,,
2155,1642612338.1732907,59.51458693388609,-0.02029426557737134,59.05819680350267,-11.833429903627389,47.97657573604549,-0.002455734422628652,,,
2156,1642612338.1773603,59.494132443026125,-0.016544214250493086,59.04114229368625,-11.831394784399409,47.98026773472058,-0.002455785749506902,,,
2157,1642612338.180619,59.47775351156711,-0.01079416292361486,59.020759551668455,-11.828058708580608,47.982676554783545,-0.002455837076385152,,,
2158,1642612338.1852205,59.454625520847245,-0.012419111596736598,59.00455913723084,-11.82399710382181,47.98544799758927,-0.002455888403263402,,,
2159,1642612338.188487,59.43820704411912,-0.01879406026985834,58.98259804601233,-11.820085620897093,47.98964207079005,-0.002455939730141652,,,
2160,1642612338.192569,59.41769023950177,-0.020044008942980092,58.964976521690595,-11.817174891985738,47.99411508191892,-0.0024559910570199016,,,
2161,1642612338.195829,59.40130531633532,-0.01754395761610184,58.94459616208669,-11.815064768346177,47.998030182829346,-0.002456042383898152,,,
2162,1642612338.200381,59.378507597719235,-0.01254390628922361,58.928396938856025,-11.797007272355211,48.00082947475697,-0.0024560937107764016,,,
2163,1642612338.2036912,59.36195084940171,-0.01054385496234536,58.9017196254375,-11.758236826600445,48.00318243621902,-0.002456145037654652,,,
2164,1642612338.2077627,59.34158643057295,-0.017668803635467103,58.88875271358243,-11.754242097074087,48.00712539770542,-0.0024561963645329016,,,
2165,1642612338.2110102,59.325343311238974,-0.02129375230858884,58.87248426328454,-11.75101971067317,48.011877300946075,-0.002456247691411152,,,
2166,1642612338.2154403,59.30318536392638,-0.01879370098171059,58.85203625671161,-11.748943376834056,48.01607129396828,-0.0024562990182894016,,,
2167,1642612338.2188609,59.28607648549714,-0.01416864965483235,58.82589429253441,-11.746468429805695,48.01923316282234,-0.0024563503451676513,,,
2168,1642612338.222931,59.265719221702234,-0.009793598327954109,58.81282450665539,-11.742598311022517,48.021418697384675,-0.0024564016720459016,,,
2169,1642612338.2261775,59.24948087239081,-0.01604354700107584,58.79652136627966,-11.73815518130453,48.02499896740384,-0.0024564529989241513,,,
2170,1642612338.2313693,59.22353731475902,-0.021918495674197607,58.775890339640874,-11.734509308659044,48.029890288065175,-0.0024565043258024015,,,
2171,1642612338.2339628,59.210604933116734,-0.021668444347319356,58.75543037097213,-11.754016183041609,48.034725807396,-0.0024565556526806513,,,
2172,1642612338.2380326,59.19031115166483,-0.017418393020441104,58.73749790776157,-11.778982641066387,48.038612887373326,-0.002456606979558901,,,
2173,1642612338.241331,59.17386332117935,-0.009918341693562847,58.72041789376104,-11.775521735703226,48.04082625960348,-0.0024566583064371513,,,
2174,1642612338.2454195,59.15347680891588,-0.012043290366684611,58.70007030559371,-11.771660554574133,48.043513834329254,-0.002456709633315401,,,
2175,1642612338.249148,59.1348854700556,-0.01979323903980634,58.67976321962168,-11.768124616120614,48.047930883770476,-0.0024567609601936513,,,
2176,1642612338.2526126,59.11760900654892,-0.020418187712928106,58.65779435240185,-11.765389260023465,48.05248739644872,-0.002456812287071901,,,
2177,1642612338.2567067,59.09719396172805,-0.017668136386049853,58.64480744260733,-11.763479504159594,48.05643020903207,-0.0024568636139501512,,,
2178,1642612338.2607837,59.07686451457939,-0.011918085059171598,58.62444555954755,-11.760018650159115,48.059089843003306,-0.002456914940828401,,,
2179,1642612338.2645242,59.05819680350267,-0.010168033732293347,58.604090823934,-11.764888359652476,48.06135893638541,-0.0024569662677066508,,,
2180,1642612338.2679377,59.04114229368625,-0.016667982405415102,58.58203239539699,-11.777392264633292,48.065078555100776,-0.002457017594584901,,,
2181,1642612338.2720172,59.020759551668455,-0.02029293107853684,58.569152518009595,-11.774249757360485,48.06960711557039,-0.0024570689214631508,,,
2182,1642612338.2752597,59.00455913723084,-0.019542879751658592,58.548866354538696,-11.772135255923311,48.073968294956614,-0.002457120248341401,,,
2183,1642612338.2796552,58.98259804601233,-0.014542828424780337,58.52859088864037,-11.768892476991795,48.077213665360034,-0.0024571715752196507,,,
2184,1642612338.2831821,58.964976521690595,-0.01054277709790211,58.506648978657786,-11.764621712810387,48.07956638628639,-0.002457222902097901,,,
2185,1642612338.2872612,58.94459616208669,-0.015917725771023853,58.493700161358205,-11.760752127908864,48.08311857810204,-0.0024572742289761507,,,
2186,1642612338.2905035,58.928396938856025,-0.021292674444145593,58.473390225503785,-11.757308795372492,48.08787024080699,-0.0024573255558544005,,,
2187,1642612338.2958362,58.9017196254375,-0.02004262311726734,58.45308979860278,-11.755144199282661,48.092342942675685,-0.0024573768827326507,,,
2188,1642612338.2984207,58.88875271358243,-0.016167571790389103,58.43685088342498,-11.750712763492595,48.09595089000554,-0.0024574282096109005,,,
2189,1642612338.3016632,58.87248426328454,-0.010417520463510847,58.414037270564585,-11.746256571358899,48.09827565872327,-0.0024574795364891507,,,
2190,1642612338.3057387,58.85203625671161,-0.012417469136632598,58.397752868220365,-11.742312759982,48.101046734998405,-0.0024575308633674004,,,
2191,1642612338.310949,58.82589429253441,-0.019417417809754357,58.37740955154431,-11.738820166329068,48.10537991635969,-0.0024575821902456502,,,
2192,1642612338.313554,58.81282450665539,-0.022292366482876094,58.36122263923384,-11.736129729520556,48.110354669845904,-0.0024576335171239004,,,
2193,1642612338.3168035,58.79652136627966,-0.01829231515599784,58.33936109361761,-11.734065979992899,48.11443677385506,-0.00245768484400215,,,
2194,1642612338.3209155,58.775890339640874,-0.011792263829119612,58.32229082648917,-11.730423014736392,48.11706832962278,-0.0024577361708804004,,,
2195,1642612338.3249934,58.75543037097213,-0.010542212502241362,58.302011710567044,-11.726203516956724,48.11942092455425,-0.00245778749775865,,,
2196,1642612338.3285742,58.73749790776157,-0.01729216117536309,58.28582004264518,-11.695089205701066,48.12327983469542,-0.0024578388246369004,,,
2197,1642612338.3319926,58.72041789376104,-0.01929210984848484,58.26386452565934,-11.645121497734888,48.12758505239399,-0.00245789015151515,,,
2198,1642612338.336065,58.70007030559371,-0.017667058521606605,58.246802603716574,-11.643095791036771,48.13152762444165,-0.0024579414783934,,,
2199,1642612338.3401294,58.67976321962168,-0.01366700719472835,58.226324707920604,-11.640173400729795,48.13457754701225,-0.00245799280527165,,,
2200,1642612338.3445263,58.65779435240185,-0.00954195586785011,58.20998666134777,-11.636080337041918,48.13670692516756,-0.0024580441321499,,,
2201,1642612338.3471255,58.64480744260733,-0.01729190454097184,58.1838015167673,-11.631937467247456,48.14056577803832,-0.00245809545902815,,,
2202,1642612338.3512008,58.62444555954755,-0.022666853214093608,58.17068800593331,-11.62851694438514,48.14562410179839,-0.0024581467859064,,,
2203,1642612338.3552747,58.604090823934,-0.02004180188721534,58.150247201271995,-11.626042941909416,48.15009662040179,-0.00245819811278465,,,
2204,1642612338.359693,58.58203239539699,-0.015666750560337103,58.13394863881025,-11.623120602743413,48.15359280471347,-0.0024582494396629,,,
2205,1642612338.3622766,58.569152518009595,-0.010541699233458861,58.113428865926764,-11.65251803978626,48.155945285104124,-0.0024583007665411496,,,
2206,1642612338.3663456,58.548866354538696,-0.0161666479065806,58.09511491434992,-11.691793059744908,48.15955302626052,-0.0024583520934194,,,
2207,1642612338.3704126,58.52859088864037,-0.021291596579702345,58.07812921593978,-11.688124100476225,48.16430444842978,-0.0024584034202976496,,,
2208,1642612338.3748138,58.506648978657786,-0.019291545252824092,58.05782862613885,-11.685733942277944,48.16860954013347,-0.0024584547471759,,,
2209,1642612338.3774111,58.493700161358205,-0.017166493925945853,58.03749237956426,-11.68371990931217,48.17244040643337,-0.0024585060740541496,,,
2210,1642612338.381485,58.473390225503785,-0.010791442599067613,58.019737683402305,-11.680076055252728,48.17484861943005,-0.0024585574009323994,,,
2211,1642612338.385557,58.45308979860278,-0.011791391272189363,58.00267710576749,-11.675855501932652,48.17747998047841,-0.0024586087278106496,,,
2212,1642612338.3888142,58.43685088342498,-0.01854133994531109,57.98241573841758,-11.672086296824538,48.181617656736464,-0.0024586600546888993,,,
2213,1642612338.3933895,58.414037270564585,-0.019666288618432858,57.962134165562595,-11.63212359036276,48.1860063759844,-0.0024587113815671495,,,
2214,1642612338.396655,58.397752868220365,-0.017416237291554604,57.94409133795739,-11.584219575755437,48.189892974890334,-0.0024587627084453993,,,
2215,1642612338.4007347,58.37740955154431,-0.01341618596467635,57.927030497800374,-11.580975158331396,48.1928869243192,-0.0024588140353236495,,,
2216,1642612338.4039807,58.36122263923384,-0.010291134637798112,57.9063101720722,-11.57671002469645,48.19518348883853,-0.0024588653622018993,,,
2217,1642612338.4083648,58.33936109361761,-0.018166083310919855,57.885872358151296,-11.572868129317074,48.199237423011525,-0.002458916689080149,,,
2218,1642612338.411788,58.32229082648917,-0.021041031984041593,57.863713137540394,-11.56962374256563,48.20393292930946,-0.0024589680159583993,,,
2219,1642612338.4158547,58.302011710567044,-0.018915980657163357,57.85069006147611,-11.567723737443595,48.2081542102036,-0.002459019342836649,,,
2220,1642612338.4191017,58.28582004264518,-0.014915929330285103,57.830215137953395,-11.565101765313107,48.211482841620686,-0.0024590706697148993,,,
2221,1642612338.4234943,58.26386452565934,-0.010165878003406847,57.809505585980595,-11.560986057383964,48.213751453931394,-0.002459121996593149,,,
2222,1642612338.4268942,58.246802603716574,-0.014665826676528602,57.79317855827209,-11.54122774924277,48.21702427256388,-0.0024591733234713992,,,
2223,1642612338.4309747,58.226324707920604,-0.020540775349650344,57.77021388912284,-11.5322754449232,48.22160814183854,-0.002459224650349649,,,
2224,1642612338.4342303,58.20998666134777,-0.020790724022772093,57.75374199805413,-11.52975768197964,48.22624778953555,-0.0024592759772278988,,,
2225,1642612338.439448,58.1838015167673,-0.017165672695893856,57.73329334755449,-11.527513284847789,48.230078472570156,-0.002459327304106149,,,
2226,1642612338.4420612,58.17068800593331,-0.012415621369015601,57.716920995397956,-11.523802717818748,48.23284913649839,-0.0024593786309843988,,,
2227,1642612338.4461343,58.150247201271995,-0.014665570042137352,57.69880491338238,-11.519495748743271,48.23612189786047,-0.002459429957862649,,,
2228,1642612338.449382,58.13394863881025,-0.022290518715259097,57.67750358617725,-11.515685800081785,48.24109623899977,-0.0024594812847408987,,,
2229,1642612338.453471,58.113428865926764,-0.02191546738838086,57.657062131261625,-11.512994134580895,48.24598688387035,-0.0024595326116191485,,,
2230,1642612338.457131,58.09511491434992,-0.01829041606150259,57.640533874784815,-11.557921758398278,48.25006856407852,-0.0024595839384973987,,,
2231,1642612338.4605381,58.07812921593978,-0.01191536473462435,57.61827890183188,-11.640402645436904,48.25272759098347,-0.0024596352653756485,,,
2232,1642612338.4646103,58.05782862613885,-0.010040313407746113,57.5999891104632,-11.636221943565559,48.254968182361075,-0.0024596865922538987,,,
2233,1642612338.4686897,58.03749237956426,-0.018165262080867856,57.58381911859975,-11.632393177627568,48.25902193326878,-0.0024597379191321485,,,
2234,1642612338.4722512,58.019737683402305,-0.021040210753989593,57.563550610578815,-11.629444236033562,48.26371725630142,-0.0024597892460103987,,,
2235,1642612338.4756734,58.00267710576749,-0.018790159427111344,57.541457510030725,-11.627626494231688,48.267910458992056,-0.0024598405728886484,,,
2236,1642612338.4797378,57.98241573841758,-0.013665108100233102,57.528546650628066,-11.624878673624801,48.27095995776166,-0.002459891899766898,,,
2237,1642612338.4838061,57.962134165562595,-0.01016505677335485,57.50830422515138,-11.620723160909739,48.27322838680708,-0.0024599432266451484,,,
2238,1642612338.487414,57.94409133795739,-0.01629000544647659,57.488058242964115,-11.602470787006958,48.276863656371106,-0.002459994553523398,,,
2239,1642612338.4908118,57.927030497800374,-0.02141495411959836,57.46580545066262,-11.573867853883357,48.281642606948,-0.0024600458804016484,,,
2240,1642612338.4949386,57.9063101720722,-0.019289902792720092,57.452914136571756,-11.571630364399365,48.2859473321211,-0.002460097207279898,,,
2241,1642612338.4990091,57.885872358151296,-0.016289851465841842,57.432576146628826,-11.569017088253393,48.28958256732288,-0.002460148534158148,,,
2242,1642612338.5034225,57.863713137540394,-0.009539800138963613,57.41225362102872,-11.56482547520156,48.29171146440681,-0.002460199861036398,,,
2243,1642612338.5060163,57.85069006147611,-0.013164748812085353,57.39601606106375,-11.56068397870723,48.294649303244974,-0.002460251187914648,,,
2244,1642612338.5100942,57.830215137953395,-0.02066469748520711,57.37334295535443,-11.557394298905693,48.29926082692216,-0.002460302514792898,,,
2245,1642612338.5142188,57.809505585980595,-0.021039646158328845,57.35704591714783,-11.5548562233056,48.303956023959906,-0.002460353841671148,,,
2246,1642612338.5174706,57.79317855827209,-0.017664594831450605,57.33674718284438,-11.552693954934835,48.30789804621169,-0.002460405168549398,,,
2247,1642612338.5220382,57.77021388912284,-0.012664543504572351,57.32053579330573,-11.532857121914846,48.310724259480665,-0.002460456495427648,,,
2248,1642612338.525313,57.75374199805413,-0.011289492177694115,57.29771733222732,-11.52289382547682,48.31324361697516,-0.0024605078223058977,,,
2249,1642612338.5293782,57.73329334755449,-0.018664440850815856,57.28142827171445,-11.518860363094317,48.31740876437044,-0.002460559149184148,,,
2250,1642612338.532633,57.716920995397956,-0.02166438952393761,57.261063072549774,-11.515552056662425,48.32224337882888,-0.0024606104760623976,,,
2251,1642612338.5362346,57.69880491338238,-0.019164338197059358,57.24479784910503,-11.513293971481431,48.32652008306888,-0.002460661802940648,,,
2252,1642612338.5404694,57.67750358617725,-0.013539286870181116,57.22273664254226,-11.509885665494744,48.32954150363497,-0.0024607131298188976,,,
2253,1642612338.5445333,57.657062131261625,-0.010539235543302864,57.20560613352407,-11.505652203996595,48.33189343422975,-0.002460764456697148,,,
2254,1642612338.5478191,57.640533874784815,-0.017164184216424606,57.185267155134355,-11.501918853233256,48.335723785096015,-0.0024608157835753976,,,
2255,1642612338.5522616,57.61827890183188,-0.020789132889546345,57.16905675694633,-11.495710790680262,48.340363077716525,-0.0024608671104536474,,,
2256,1642612338.5559397,57.5999891104632,-0.019039081562668092,57.14691301342076,-11.488176292969898,48.3446118297479,-0.0024609184373318976,,,
2257,1642612338.5591915,57.58381911859975,-0.014664030235789854,57.12987173580749,-11.485720143009786,48.34788424748755,-0.0024609697642101473,,,
2258,1642612338.5632675,57.563550610578815,-0.009038978908911612,57.10941075196359,-11.481989739997303,48.34990138155331,-0.0024610210910883975,,,
2259,1642612338.5677104,57.541457510030725,-0.013663927582033353,57.09315313217856,-11.47778462169526,48.352950616879056,-0.0024610724179666473,,,
2260,1642612338.5703068,57.528546650628066,-0.02066387625515511,57.06670676784446,-11.473929311429698,48.35756195729095,-0.002461123744844897,,,
2261,1642612338.5743775,57.50830422515138,-0.02091382492827686,57.05369709367019,-11.47129830361455,48.36222907612519,-0.0024611750717231473,,,
2262,1642612338.578449,57.488058242964115,-0.018163773601398606,57.037429931628495,-11.469142031607989,48.36628249486455,-0.002461226398601397,,,
2263,1642612338.5829186,57.46580545066262,-0.011163722274520352,57.01707271982577,-11.46596136210421,48.36877378560961,-0.0024612777254796473,,,
2264,1642612338.5855024,57.452914136571756,-0.013038670947642116,56.99667018230391,-11.475791592518469,48.371683488973865,-0.002461329052357897,,,
2265,1642612338.5895786,57.432576146628826,-0.02091361962076386,56.97884898329682,-11.488993383002269,48.376350561991785,-0.0024613803792361473,,,
2266,1642612338.5936518,57.41225362102872,-0.02066356829388561,56.96184635301707,-11.486129863073025,48.38096183367919,-0.002461431706114397,,,
2267,1642612338.5969062,57.39601606106375,-0.016413516967007356,56.94153193915803,-11.484118150827209,48.38462466601309,-0.002461483032992647,,,
2268,1642612338.6014504,57.37334295535443,-0.012663465640129103,56.9211973024826,-11.480954017095051,48.387450638746365,-0.002461534359870897,,,
2269,1642612338.6047168,57.35704591714783,-0.010788414313250866,56.903463082080265,-11.476687567609309,48.38985817595229,-0.0024615856867491468,,,
2270,1642612338.6087852,57.33674718284438,-0.017288362986372593,56.882330238945876,-11.47249628700914,48.39371623849148,-0.002461637013627397,,,
2271,1642612338.6120343,57.32053579330573,-0.020788311659494345,56.866140090054294,-11.469006496902018,48.398355347846696,-0.0024616883405056468,,,
2272,1642612338.6166012,57.29771733222732,-0.02016326033261611,56.84578523056246,-11.468316257436818,48.40285497105674,-0.0024617396673838965,,,
2273,1642612338.6198597,57.28142827171445,-0.016538209005737842,56.828110687325974,-11.467360271892137,48.40654562960437,-0.0024617909942621467,,,
2274,1642612338.6239336,57.261063072549774,-0.011288157678859616,56.807031004278535,-11.46319274795913,48.40906468929277,-0.0024618423211403965,,,
2275,1642612338.6271873,57.24479784910503,-0.017038106351981344,56.790824645225705,-11.45910041703535,48.41286690468512,-0.0024618936480186467,,,
2276,1642612338.6316004,57.22273664254226,-0.02116305502510311,56.77052388536433,-11.45570980178456,48.417589641584584,-0.0024619449748968965,,,
2277,1642612338.6350272,57.20560613352407,-0.018663003698224857,56.74865219797809,-11.45359730305823,48.421754468265604,-0.0024619963017751467,,,
2278,1642612338.6390958,57.185267155134355,-0.01478795237134659,56.731640753433716,-11.451559997342166,48.425054540407785,-0.0024620476286533965,,,
2279,1642612338.6423385,57.16905675694633,-0.00916290104446835,56.71543558357659,-11.447668194829605,48.42709932887606,-0.0024620989555316462,,,
2280,1642612338.646767,57.14691301342076,-0.012287849717590116,56.69513720210662,-11.428233241174913,48.42984147934571,-0.0024621502824098964,,,
2281,1642612338.6501732,57.12987173580749,-0.01866279839071186,56.66868319926289,-11.38991799621457,48.43400626021041,-0.002462201609288146,,,
2282,1642612338.654263,57.10941075196359,-0.021037747063833597,56.655469904692545,-11.387091078360783,48.438701033447174,-0.0024622529361663964,,,
2283,1642612338.6575127,57.09315313217856,-0.019287695736955345,56.63915244736451,-11.385012742032446,48.44300526609481,-0.002462304263044646,,,
2284,1642612338.662799,57.06670676784446,-0.013162644410077104,56.618784887723535,-11.381811559039852,48.44594263531566,-0.0024623555899228964,,,
2285,1642612338.6653993,57.05369709367019,-0.010787593083198866,56.60247698534051,-11.377712100750948,48.44834998925629,-0.002462406916801146,,,
2286,1642612338.6686509,57.037429931628495,-0.015912541756320606,56.579610807581375,-11.373912081227536,48.45190102420979,-0.002462458243679396,,,
2287,1642612338.67272,57.01707271982577,-0.020412490429442362,56.56330051646209,-11.370661024216766,48.45645626548506,-0.002462509570557646,,,
2288,1642612338.676798,56.99667018230391,-0.018787439102564096,56.542911458194865,-11.368408072486964,48.46064886110941,-0.002462560897435896,,,
2289,1642612338.6803646,56.97884898329682,-0.01428738777568584,56.52644948232367,-11.38077305001389,48.46383722750383,-0.002462612224314146,,,
2290,1642612338.6837723,56.96184635301707,-0.010037336448807615,56.50443904939654,-11.40366136923316,48.46607715454474,-0.002462663551192396,,,
2291,1642612338.6878438,56.94153193915803,-0.015787285121929343,56.487416964498266,-11.399646616021478,48.46960023728962,-0.002462714878070646,,,
2292,1642612338.6919193,56.9211973024826,-0.021287233795051097,56.467090648524746,-11.396633752773889,48.474350685862014,-0.002462766204948896,,,
2293,1642612338.6954737,56.903463082080265,-0.020912182468172863,56.45087766594234,-11.394697920465907,48.47901743816567,-0.0024628175318271456,,,
2294,1642612338.6997092,56.882330238945876,-0.01741213114129461,56.42470558573667,-11.392261158602924,48.482903120745135,-0.002462868858705396,,,
2295,1642612338.702954,56.866140090054294,-0.011787079814416367,56.41170164572176,-11.388321587508306,48.4855335196507,-0.0024629201855836456,,,
2296,1642612338.7070336,56.84578523056246,-0.014787028487538092,56.39137295003555,-11.384031368800652,48.48883338561943,-0.002462971512461896,,,
2297,1642612338.7105765,56.828110687325974,-0.020786977160659848,56.375139739895246,-11.380066771285955,48.49347219716854,-0.0024630228393401456,,,
2298,1642612338.7148027,56.807031004278535,-0.02041192583378161,56.354783677513055,-11.336317123345486,48.498027312448926,-0.0024630741662183954,,,
2299,1642612338.718052,56.790824645225705,-0.016911874506903356,56.33692245427446,-11.284852010920531,48.50180135800512,-0.0024631254930966456,,,
2300,1642612338.722122,56.77052388536433,-0.010536823180025117,56.31568693212779,-11.281440815261604,48.5041527502581,-0.0024631768199748954,,,
2301,1642612338.726507,56.74865219797809,-0.010161771853146852,56.29934739424561,-11.277234509080646,48.506420446242345,-0.0024632281468531456,,,
2302,1642612338.7299175,56.731640753433716,-0.01941172052626861,56.27885310636535,-11.273351230895766,48.510752356200655,-0.0024632794737313953,,,
2303,1642612338.7331665,56.71543558357659,-0.02178666919939035,56.26091835557975,-11.270312778680854,48.51561425853103,-0.0024633308006096455,,,
2304,1642612338.737236,56.69513720210662,-0.01916161787251211,56.239542502673906,-11.268143999968501,48.519890355704746,-0.0024633821274878953,,,
2305,1642612338.7425327,56.66868319926289,-0.014161566545633856,56.22319336952614,-11.264832245412324,48.52305064389565,-0.002463433454366145,,,
2306,1642612338.7451704,56.655469904692545,-0.010411515218755602,56.20271467395246,-11.290786500950695,48.52537407248593,-0.0024634847812443953,,,
2307,1642612338.7484276,56.63915244736451,-0.016036463891877344,56.180634475115745,-11.339646374673853,48.52895276184195,-0.002463536108122645,,,
2308,1642612338.7524934,56.618784887723535,-0.020536412564999097,56.16332230504296,-11.336209956428032,48.53353565751974,-0.0024635874350008953,,,
2309,1642612338.7557487,56.60247698534051,-0.019036361238120848,56.14707331961188,-11.333950045210864,48.53778380248483,-0.002463638761879145,,,
2310,1642612338.7603133,56.579610807581375,-0.016286309911242594,56.12675851609411,-11.331389762121956,48.54141824735505,-0.002463690088757395,,,
2311,1642612338.763569,56.56330051646209,-0.011286258584364366,56.104472118212776,-11.327477769648993,48.54393688324245,-0.002463741415635645,,,
2312,1642612338.7676392,56.542911458194865,-0.016786207257486096,56.09146864379321,-11.323615851136989,48.54768288495737,-0.002463792742513895,,,
2313,1642612338.7709253,56.52644948232367,-0.022411155930607864,56.07113479105454,-11.32055496196827,48.55268414743803,-0.002463844069392145,,,
2314,1642612338.775325,56.50443904939654,-0.020036104603729597,56.050790223129106,-11.318019751840662,48.557155394638464,-0.0024638953962703948,,,
2315,1642612338.7787359,56.487416964498266,-0.015036053276851343,56.034565049224156,-11.326135695310585,48.56051083285609,-0.002463946723148645,,,
2316,1642612338.7828088,56.467090648524746,-0.009661001949973103,56.01162969176514,-11.326052124746793,48.562666777276256,-0.0024639980500268947,,,
2317,1642612338.7860575,56.45087766594234,-0.012160950623094854,55.99534418861739,-11.321809412214527,48.565380609006695,-0.0024640493769051445,,,
2318,1642612338.7913017,56.42470558573667,-0.01966089929621661,55.97505151946439,-11.318017853973585,48.569768125576154,-0.0024641007037833947,,,
2319,1642612338.7939074,56.41170164572176,-0.021410847969338363,55.95882784795827,-11.315278975331848,48.57454615982658,-0.0024641520306616445,,,
2320,1642612338.7979808,56.39137295003555,-0.019785796642460097,55.93619152177371,-11.313693030530342,48.57896154842609,-0.0024642033575398947,,,
2321,1642612338.8012335,56.375139739895246,-0.013160745315581856,55.91992861095655,-11.310803791148485,48.58189849384596,-0.0024642546844181445,,,
2322,1642612338.8053124,56.354783677513055,-0.009910693988703603,55.899650210643934,-11.306636320735853,48.58411015941808,-0.0024643060112963947,,,
2323,1642612338.8088784,56.33692245427446,-0.01716064266182536,55.883396812387026,-11.25468188393652,48.587939719952765,-0.0024643573381746445,,,
2324,1642612338.8130996,56.31568693212779,-0.02116059133494711,55.860444400830296,-11.23410324676207,48.59266190705635,-0.0024644086650528942,,,
2325,1642612338.8163476,56.29934739424561,-0.019535540008068848,55.844095837458035,-11.231778885078798,48.597021448509025,-0.0024644599919311444,,,
2326,1642612338.8204215,56.27885310636535,-0.015285488681190593,55.823630832598774,-11.22895614396325,48.600432550608204,-0.002464511318809394,,,
2327,1642612338.8239865,56.26091835557975,-0.010910437354312354,55.80732412728928,-11.224787761005617,48.602867318415655,-0.0024645626456876444,,,
2328,1642612338.8282356,56.239542502673906,-0.01666038602743411,55.785278083602066,-11.22069414672051,48.60658524192707,-0.002464613972565894,,,
2329,1642612338.8314855,56.22319336952614,-0.02253533470055585,55.767940474003844,-11.217397966130564,48.61161421608065,-0.002464665299444144,,,
2330,1642612338.8355563,56.20271467395246,-0.02116028337367761,55.75074159398508,-11.215098575088755,48.61633633445976,-0.002464716626322394,,,
2331,1642612338.8399572,56.180634475115745,-0.01716023204679936,55.730311271520684,-11.216292689970906,48.6201658033618,-0.002464767953200644,,,
2332,1642612338.843424,56.16332230504296,-0.011285180719921118,55.70388906819195,-11.220263427375874,48.62268419871351,-0.002464819280078894,,,
2333,1642612338.846678,56.14707331961188,-0.01278512939304287,55.690916617832166,-11.216065946472169,48.62553732186975,-0.002464870606957144,,,
2334,1642612338.8507462,56.12675851609411,-0.0195350780661646,55.67462757857952,-11.212342424720658,48.629896760235695,-0.002464921933835394,,,
2335,1642612338.855209,56.104472118212776,-0.019285026739286348,55.65423820320284,-11.209666589746542,48.63420039727113,-0.002464973260713644,,,
2336,1642612338.8578131,56.09146864379321,-0.015284975412408095,55.62803882358047,-11.207514603289287,48.63761138482949,-0.0024650245875918937,,,
2337,1642612338.861885,56.07113479105454,-0.012659924085529855,55.615044867961295,-11.204040559062529,48.64043656723119,-0.002465075914470144,,,
2338,1642612338.8659592,56.050790223129106,-0.01203487275865162,55.598741491869056,-11.199868074043973,48.643122263487726,-0.0024651272413483936,,,
2339,1642612338.8692083,56.034565049224156,-0.01940982143177336,55.57834853228247,-11.195595820559557,48.647453749645045,-0.002465178568226644,,,
2340,1642612338.8738055,56.01162969176514,-0.021159770104895115,55.557925704280066,-11.22652046779203,48.65217575348335,-0.0024652298951048936,,,
2341,1642612338.877071,55.99534418861739,-0.01890971877801686,55.53614102325307,-11.283958132493401,48.65639563697963,-0.0024652812219831434,,,
2342,1642612338.8811398,55.97505151946439,-0.013659667451138606,55.52229487041018,-11.281134035480889,48.65944392161668,-0.0024653325488613936,,,
2343,1642612338.8843927,55.95882784795827,-0.007909616124260352,55.50206884822025,-11.277102509590781,48.661209027641604,-0.0024653838757396434,,,
2344,1642612338.8889315,55.93619152177371,-0.014409564797382108,55.485925468513116,-11.272945219124376,48.6644246589998,-0.0024654352026178936,,,
2345,1642612338.8921924,55.91992861095655,-0.02078451347050385,55.46384531530589,-11.26924072867959,48.669062920753035,-0.0024654865294961434,,,
2346,1642612338.8962584,55.899650210643934,-0.020159462143625614,55.446848916855984,-11.266693377785579,48.673561696361105,-0.0024655378563743936,,,
2347,1642612338.8995173,55.883396812387026,-0.01765941081674736,55.4263954230013,-11.264196347195922,48.67750256175073,-0.0024655891832526433,,,
2348,1642612338.9041,55.860444400830296,-0.011659359489869105,55.4102129466018,-11.234477678909446,48.68010445865179,-0.002465640510130893,,,
2349,1642612338.9073591,55.844095837458035,-0.014159308162990858,55.388319897231995,-11.186543566631682,48.683264242863146,-0.0024656918370091433,,,
2350,1642612338.911439,55.823630832598774,-0.020909256836112614,55.3713013671068,-11.182886996909097,48.6879303422842,-0.002465743163887393,,,
2351,1642612338.9146898,55.80732412728928,-0.02053420550923435,55.35311814771765,-11.180230424994049,48.69251274543652,-0.0024657944907656433,,,
2352,1642612338.9190848,55.785278083602066,-0.016534154182356098,55.33275575537607,-11.177948858676517,48.69620249911177,-0.002465845817643893,,,
2353,1642612338.9225411,55.767940474003844,-0.01153410285547787,55.30645547437145,-11.174192320997442,48.69877644380421,-0.0024658971445221433,,,
2354,1642612338.9259698,55.75074159398508,-0.011409051528599605,55.29348176581496,-11.16968580291401,48.701322482104366,-0.002465948471400393,,,
2355,1642612338.9300427,55.730311271520684,-0.01953400020172135,55.27724406626079,-11.165654289191252,48.705681679934614,-0.002465999798278643,,,
2356,1642612338.9353118,55.70388906819195,-0.0210339488748431,55.256887634457925,-11.162722772029245,48.710375605569396,-0.002466051125156893,,,
2357,1642612338.9379005,55.690916617832166,-0.01865889754796486,55.240632053287634,-11.18224479483694,48.71453951592396,-0.002466102452035143,,,
2358,1642612338.9411511,55.67462757857952,-0.013408846221086608,55.21800958807807,-11.186780461856042,48.71753182741927,-0.002466153778913393,,,
2359,1642612338.94522,55.65423820320284,-0.01078379489420837,55.20174324085327,-11.182613338725004,48.71993833375793,-0.0024662051057916428,,,
2360,1642612338.9504483,55.62803882358047,-0.01740874356733011,55.18142457554791,-11.178496353393136,48.723823260368064,-0.0024662564326698925,,,
2361,1642612338.9530413,55.615044867961295,-0.020908692240451863,55.16113325863334,-11.175056099791195,48.72848923379423,-0.0024663077595481427,,,
2362,1642612338.9562948,55.598741491869056,-0.021408640913573616,55.14263266678607,-11.172894108072843,48.73326677551918,-0.0024663590864263925,,,
2363,1642612338.9603643,55.57834853228247,-0.01765858958669536,55.125563703744255,-11.17015566024479,48.737207457643514,-0.0024664104133046427,,,
2364,1642612338.9644399,55.557925704280066,-0.012283538259817121,55.10529378991815,-11.165963524810746,48.73994864597038,-0.0024664617401828925,,,
2365,1642612338.9688005,55.53614102325307,-0.014033486932938844,55.089114244107634,-11.149653680534694,48.74308035197822,-0.0024665130670611427,,,
2366,1642612338.971587,55.52229487041018,-0.0200334356060606,55.06663076001595,-11.12426516594693,48.74755100356646,-0.0024665643939393925,,,
2367,1642612338.9756572,55.50206884822025,-0.020658384279182363,55.04953949749657,-11.121734994719535,48.7521611183917,-0.0024666157208176422,,,
2368,1642612338.978906,55.485925468513116,-0.018408332952304114,55.02917429808844,-11.119404733456635,48.75626911287493,-0.0024666670476958925,,,
2369,1642612338.9833493,55.46384531530589,-0.012658281625425857,55.01293223158538,-11.115350347543032,48.75909392874605,-0.0024667183745741422,,,
2370,1642612338.9867697,55.446848916855984,-0.012408230298547606,54.986904135147114,-11.110621310400902,48.76186294328665,-0.0024667697014523924,,,
2371,1642612338.9908857,55.4263954230013,-0.02028317897166935,54.97394793244313,-11.1068168196357,48.766389327480915,-0.002466821028330642,,,
2372,1642612338.9941423,55.4102129466018,-0.0202831276447911,54.95358869649018,-11.103936875239828,48.7709157002211,-0.0024668723552088924,,,
2373,1642612338.998538,55.388319897231995,-0.018283076317912848,54.93734185922298,-11.101956489743213,48.77499574249571,-0.002466923682087142,,,
2374,1642612339.0019417,55.3713013671068,-0.013283024991034622,54.916927759482455,-11.078269785190775,48.77795997578752,-0.002466975008965392,,,
2375,1642612339.0055783,55.35311814771765,-0.011407973664156357,54.89903040380304,-11.049442491893593,48.78050577355197,-0.002467026335843642,,,
2376,1642612339.0096507,55.33275575537607,-0.0187829223372781,54.877797287318906,-11.045454504259654,48.78469736121721,-0.002467077662721892,,,
2377,1642612339.0149107,55.30645547437145,-0.02253287101039985,54.861468266266385,-11.042262860520788,48.78972578557492,-0.002467128989600142,,,
2378,1642612339.0175054,55.29348176581496,-0.020157819683521615,54.840960884051256,-11.040215956648492,48.7942241946524,-0.002467180316478392,,,
2379,1642612339.020753,55.27724406626079,-0.014657768356643359,54.82300195484674,-11.037422500181735,48.79749521499421,-0.0024672316433566417,,,
2380,1642612339.0248241,55.256887634457925,-0.008657717029765104,54.80169339074058,-11.033086157438085,48.79942726684745,-0.002467282970234892,,,
2381,1642612339.0280752,55.240632053287634,-0.014032665702886846,54.78541107535884,-11.028700054064801,48.80255878959,-0.0024673342971131417,,,
2382,1642612339.0326083,55.21800958807807,-0.0207826143760086,54.764943213326674,-11.068395860949465,48.80719662754225,-0.002467385623991392,,,
2383,1642612339.0358698,55.20174324085327,-0.02053256304913035,54.74292221908,-11.141398250084581,48.81177866416398,-0.0024674369508696416,,,
2384,1642612339.039944,55.18142457554791,-0.017157511722252113,54.725910629508775,-11.138851437541314,48.815607525999745,-0.002467488277747892,,,
2385,1642612339.0440125,55.16113325863334,-0.01078246039537387,54.709656137425775,-11.13494634402894,48.81801373453229,-0.0024675396046261416,,,
2386,1642612339.047722,55.14263266678607,-0.013657409068495609,54.68940407581964,-11.13061365060833,48.82106151518978,-0.0024675909315043914,,,
2387,1642612339.0511446,55.125563703744255,-0.020907357741617366,54.66686057987509,-11.12655765649465,48.82572719080985,-0.0024676422583826416,,,
2388,1642612339.055209,55.10529378991815,-0.020657306414739115,54.65396267180486,-11.123482660872442,48.8303370650994,-0.0024676935852608914,,,
2389,1642612339.058453,55.089114244107634,-0.01790725508786086,54.633688098692815,-11.12116228185417,48.83433323929406,-0.0024677449121391416,,,
2390,1642612339.0629563,55.06663076001595,-0.012657203760982609,54.61345499414428,-11.117684850210935,48.837157814629485,-0.0024677962390173913,,,
2391,1642612339.0663729,55.04953949749657,-0.011657152434104357,54.59729291771713,-11.01967014072723,48.83975921900508,-0.0024678475658956416,,,
2392,1642612339.0704439,55.02917429808844,-0.0202821011072261,54.574526549944544,-10.983665372111401,48.84428536266365,-0.0024678988927738913,,,
2393,1642612339.0736907,55.01293223158538,-0.02365704978034787,54.558116024268905,-10.980426263464684,48.84956465820003,-0.002467950219652141,,,
2394,1642612339.0788937,54.986904135147114,-0.0190319984534696,54.53767177364626,-10.978604696785483,48.85381182956825,-0.0024680015465303913,,,
2395,1642612339.0814836,54.97394793244313,-0.01440694712659136,54.521307984534175,-10.975813250168937,48.85702687676832,-0.002468052873408641,,,
2396,1642612339.0855534,54.95358869649018,-0.009906895799713105,54.49843822610026,-10.971579413038508,48.85923769473846,-0.0024681042002868913,,,
2397,1642612339.0888011,54.93734185922298,-0.015406844472834861,54.482067246747626,-10.967594275902496,48.862675878536116,-0.002468155527165141,,,
2398,1642612339.092882,54.916927759482455,-0.020656793145956615,54.46161460751101,-10.964206004450256,48.867285638284855,-0.002468206854043391,,,
2399,1642612339.096453,54.89903040380304,-0.020031741819078352,54.44524722327865,-11.049066190997406,48.87175591188842,-0.002468258180921641,,,
2400,1642612339.10068,54.877797287318906,-0.016031690492200098,54.4226970658445,-11.076182684898328,48.87533353601493,-0.002468309507799891,,,
2401,1642612339.103931,54.861468266266385,-0.01028163916532187,54.4065107082776,-11.072079682294373,48.877627981529315,-0.002468360834678141,,,
2402,1642612339.1080136,54.840960884051256,-0.014031587838443596,54.386271536252885,-11.06767507934491,48.88075926373617,-0.002468412161556391,,,
2403,1642612339.111589,54.82300195484674,-0.021781536511565353,54.3701219362191,-11.063798305379446,48.885620020658465,-0.002468463488434641,,,
2404,1642612339.1158311,54.80169339074058,-0.022031485184687102,54.348297447362874,-11.060977179053141,48.89053655600312,-0.0024685148153128908,,,
2405,1642612339.1190727,54.78541107535884,-0.01778143385780885,54.33132613860491,-11.058734150149773,48.894504651994275,-0.0024685661421911405,,,
2406,1642612339.1231475,54.764943213326674,-0.01265638253093061,54.31100159424521,-11.05520928625217,48.897329044064406,-0.0024686174690693907,,,
2407,1642612339.1275487,54.74292221908,-0.012656331204052358,54.294842508396435,-11.01351138468326,48.900153424680454,-0.0024686687959476405,,,
2408,1642612339.130972,54.725910629508775,-0.019406279877174117,54.26852445946481,-10.925078312411502,48.904484120506204,-0.0024687201228258907,,,
2409,1642612339.1342428,54.709656137425775,-0.021531228550295854,54.255526093545605,-10.922213901026652,48.90928901882758,-0.0024687714497041405,,,
2410,1642612339.138318,54.68940407581964,-0.020156177223417615,54.23505675464951,-10.920194602777642,48.91378706137448,-0.0024688227765823903,,,
2411,1642612339.1428545,54.66686057987509,-0.015281125896539348,54.21842661579707,-10.916857948396867,48.91719718987678,-0.0024688741034606405,,,
2412,1642612339.1454499,54.65396267180486,-0.011531074569661123,54.19791890888055,-10.912353073688504,48.91977045877846,-0.0024689254303388902,,,
2413,1642612339.1495297,54.633688098692815,-0.01728102324278285,54.17996627232413,-10.90797248903215,48.923626883384095,-0.0024689767572171404,,,
2414,1642612339.1536012,54.61345499414428,-0.02115597191590462,54.158602478951906,-10.904362449610986,48.92834803962042,-0.0024690280840953902,,,
2415,1642612339.1568534,54.59729291771713,-0.020280920589026353,54.142245712244986,-10.902020074800246,48.93287391983513,-0.0024690794109736404,,,
2416,1642612339.161396,54.574526549944544,-0.016280869262148098,54.12176078634059,-10.942721791645779,48.93650715057278,-0.00246913073785189,,,
2417,1642612339.164661,54.558116024268905,-0.009155817935269856,54.102699423644765,-10.99830482542903,48.93855035837791,-0.00246918206473014,,,
2418,1642612339.1687284,54.53767177364626,-0.014030766608391598,54.08570946878451,-10.994133805506495,48.94168145731947,-0.00246923339160839,,,
2419,1642612339.171984,54.521307984534175,-0.021280715281513353,54.065407993080406,-10.990615157995654,48.9464304512236,-0.00246928471848664,,,
2420,1642612339.176534,54.49843822610026,-0.0200306639546351,54.045148089553315,-10.988024882269562,48.95090048429147,-0.00246933604536489,,,
2421,1642612339.179791,54.482067246747626,-0.01703061262775685,54.02330963107592,-10.985760797902843,48.954701027388026,-0.00246938737224314,,,
2422,1642612339.18386,54.46161460751101,-0.011780561300878623,54.01036761848103,-10.9818407276933,48.957329971625335,-0.00246943869912139,,,
2423,1642612339.1871164,54.44524722327865,-0.01290550997400036,53.99010771495394,-10.977343578223275,48.96020995885252,-0.00246949002599964,,,
2424,1642612339.1916385,54.4226970658445,-0.020405458647122118,53.96981692923821,-10.958826754734206,48.964763630918725,-0.0024695413528778897,,,
2425,1642612339.1948931,54.4065107082776,-0.021905407320243868,53.9478914550639,-10.93115483840178,48.96965203078947,-0.00246959267975614,,,
2426,1642612339.1989627,54.386271536252885,-0.0192803559933656,53.93500813475753,-10.92894886295758,48.973954625503545,-0.0024696440066343897,,,
2427,1642612339.20221,54.3701219362191,-0.014030304666487347,53.91471046838291,-10.925742834153807,48.97708562135838,-0.00246969533351264,,,
2428,1642612339.2065983,54.348297447362874,-0.011155253339609109,53.89434843308743,-10.921411744041821,48.979575022180114,-0.0024697466603908896,,,
2429,1642612339.2100108,54.33132613860491,-0.01753020201273085,53.87807620830002,-10.917505691231671,48.98348705339689,-0.00246979798726914,,,
2430,1642612339.2140975,54.31100159424521,-0.019905150685852618,53.85534444310363,-10.914424701183297,48.987929076985736,-0.0024698493141473896,,,
2431,1642612339.2173467,54.294842508396435,-0.019030099358974352,53.83905791411159,-10.912543797747391,48.99217582455297,-0.0024699006410256394,,,
2432,1642612339.2226205,54.26852445946481,-0.01440504803209611,53.818437211115665,-10.909912856863633,48.995390447952055,-0.0024699519679038896,,,
2433,1642612339.2252052,54.255526093545605,-0.010154996705217858,53.80216021826005,-10.916381822609331,48.99765663199764,-0.0024700032947821394,,,
2434,1642612339.2292755,54.23505675464951,-0.0167799453783396,53.77947553404429,-10.915711638859314,49.001401236314706,-0.0024700546216603896,,,
2435,1642612339.2325823,54.21842661579707,-0.022654894051461368,53.763191197893086,-10.912000820874361,49.00645689127395,-0.0024701059485386393,,,
2436,1642612339.2366602,54.19791890888055,-0.022029842724583106,53.742879527199925,-10.909391519696673,49.01137306008802,-0.002470157275416889,,,
2437,1642612339.24023,54.17996627232413,-0.018154791397704866,53.72665233324737,-10.906982502709857,49.01542447436324,-0.0024702086022951393,,,
2438,1642612339.2444782,54.158602478951906,-0.011779740070826623,53.70464901538184,-10.90294627044856,49.01805323533526,-0.002470259929173389,,,
2439,1642612339.2477307,54.142245712244986,-0.013529688743948375,53.68758135492422,-10.898834945753082,49.02107251398825,-0.0024703112560516393,,,
2440,1642612339.251804,54.12176078634059,-0.020029637417070104,53.66721849434477,-10.895199281879378,49.025542317974505,-0.002470362582929889,,,
2441,1642612339.2556095,54.102699423644765,-0.020779586090191853,53.65099844316705,-10.855914120405115,49.030179480135985,-0.002470413909808139,,,
2442,1642612339.2590199,54.08570946878451,-0.0175295347633136,53.6288255866748,-10.790643725580336,49.034091362449715,-0.002470465236686389,,,
2443,1642612339.263095,54.065407993080406,-0.012904483436435361,53.611618666967914,-10.787041289470917,49.0369711205953,-0.002470516563564639,,,
2444,1642612339.2671616,54.045148089553315,-0.011279432109557123,53.59106695851197,-10.782868333552146,49.039488233089955,-0.002470567890442889,,,
2445,1642612339.2715452,54.02330963107592,-0.01952938078267885,53.57469383312687,-10.779166695203939,49.04384640005293,-0.002470619217321139,,,
2446,1642612339.274143,54.01036761848103,-0.02240432945580062,53.54836203175724,-10.776234042252126,49.04884613914085,-0.002470670544199389,,,
2447,1642612339.2782097,53.99010771495394,-0.020404278128922367,53.53531447219735,-10.774169597307065,49.05339954776319,-0.0024707218710776388,,,
2448,1642612339.2822826,53.96981692923821,-0.0152792268020441,53.51480961961828,-10.771286576026283,49.05680925246451,-0.0024707731979558886,,,
2449,1642612339.2866778,53.9478914550639,-0.011029175475165874,53.4984521128588,-10.767386533209537,49.05927051781233,-0.0024708245248341388,,,
2450,1642612339.2892547,53.93500813475753,-0.0160291241482876,53.477884785777235,-10.81798680998966,49.06284756923479,-0.0024708758517123885,,,
2451,1642612339.2933145,53.91471046838291,-0.021654072821409368,53.455678244448606,-10.912014592547074,49.067679881423,-0.0024709271785906387,,,
2452,1642612339.2973871,53.89434843308743,-0.019529021494531104,53.44156632089596,-10.909467978848726,49.07203796820741,-0.0024709785054688885,,,
2453,1642612339.3006418,53.87807620830002,-0.015403970167652863,53.42131589420811,-10.9067955828873,49.07547551057654,-0.0024710298323471387,,,
2454,1642612339.3051884,53.85534444310363,-0.009403918840774609,53.40516293613173,-10.90263884476658,49.07757408445712,-0.0024710811592253885,,,
2455,1642612339.308446,53.83905791411159,-0.013153867513896363,53.383287263148716,-10.898431799943477,49.080509495030164,-0.0024711324861036383,,,
2456,1642612339.3125703,53.818437211115665,-0.020653816187018118,53.36631338985183,-10.89460214320047,49.085118590442214,-0.0024711838129818885,,,
2457,1642612339.315826,53.80216021826005,-0.021528764860139854,53.34609613145572,-10.891904630044058,49.08992293896772,-0.0024712351398601382,,,
2458,1642612339.3203676,53.77947553404429,-0.018528713533261604,53.32996923417999,-10.860634912859382,49.0940577975219,-0.0024712864667383884,,,
2459,1642612339.323629,53.763191197893086,-0.013028662206383376,53.30804568684769,-10.80735342457711,49.0969652673404,-0.0024713377936166382,,,
2460,1642612339.3276968,53.742879527199925,-0.012028610879505124,53.29102110694518,-10.80320179471447,49.099649566199076,-0.0024713891204948884,,,
2461,1642612339.3309467,53.72665233324737,-0.02015355955262687,53.2706376685884,-10.799249989509963,49.10414702458785,-0.002471440447373138,,,
2462,1642612339.3353534,53.70464901538184,-0.020528508225748605,53.25025423023162,-10.7960474985762,49.10872815633721,-0.002471491774251388,,,
2463,1642612339.3387716,53.68758135492422,-0.018153456898870365,53.22830412006295,-10.793819113115578,49.11277927280633,-0.002471543101129638,,,
2464,1642612339.3428497,53.66721849434477,-0.013903405571992112,53.21526721509976,-10.79061664269646,49.115881949921956,-0.002471594428007888,,,
2465,1642612339.3460982,53.65099844316705,-0.011653354245113861,53.194890935943945,-10.78614036570476,49.11848250669557,-0.002471645754886138,,,
2466,1642612339.350524,53.6288255866748,-0.018153302918235616,53.17448840638458,-10.781689075769956,49.122533588802455,-0.002471697081764388,,,
2467,1642612339.3539386,53.611618666967914,-0.021028251591357357,53.158217928984065,-10.806503798360545,49.12722624303427,-0.0024717484086426377,,,
2468,1642612339.358017,53.59106695851197,-0.018653200264479117,53.14016217488665,-10.83936444774876,49.13138888198586,-0.002471799735520888,,,
2469,1642612339.3612661,53.57469383312687,-0.014778148937600849,53.1191034477121,-10.836394388749984,49.134686766398616,-0.0024718510623991377,,,
2470,1642612339.3664916,53.54836203175724,-0.01040309761072261,53.102933078262225,-10.831967144859698,49.13700831651965,-0.002471902389277388,,,
2471,1642612339.3690808,53.53531447219735,-0.01452804628384435,53.082640640602385,-10.827489663176397,49.14025038814779,-0.0024719537161556377,,,
2472,1642612339.3731499,53.51480961961828,-0.019652994956966117,53.0644881197917,-10.823765913466763,49.14463614078881,-0.002472005043033888,,,
2473,1642612339.376396,53.4984521128588,-0.022652943630087873,53.04337957193662,-10.821022012239757,49.14969136049298,-0.0024720563699121376,,,
2474,1642612339.3804774,53.477884785777235,-0.019777892303209605,53.02693993357059,-10.818479113768772,49.154104985164054,-0.0024721076967903874,,,
2475,1642612339.3849068,53.455678244448606,-0.012652840976331362,53.00668070969776,-10.789324087931252,49.15692858690261,-0.0024721590236686376,,,
2476,1642612339.387747,53.44156632089596,-0.013277789649453127,52.98887793824451,-10.754798811894254,49.159891651878176,-0.0024722103505468874,,,
2477,1642612339.3918228,53.42131589420811,-0.02065273832257487,52.96768400264319,-10.75096931077648,49.164500506754536,-0.0024722616774251376,,,
2478,1642612339.395074,53.40516293613173,-0.02090268699569662,52.95143710719994,-10.748064624212548,49.169165140053245,-0.0024723130043033874,,,
2479,1642612339.3994768,53.383287263148716,-0.019027635668818356,52.931095698403404,-10.74583480508214,49.173411337824604,-0.002472364331181637,,,
2480,1642612339.402893,53.36631338985183,-0.013402584341940114,52.908493603142716,-10.742105313602707,49.17640225192206,-0.0024724156580598873,,,
2481,1642612339.4069622,53.34609613145572,-0.01090253301506186,52.89550538708054,-10.73730105983911,49.17883525580108,-0.002472466984938137,,,
2482,1642612339.410208,53.32996923417999,-0.018527481688183602,52.875124630893005,-10.732696774024792,49.18296983945732,-0.0024725183118163873,,,
2483,1642612339.4146087,53.30804568684769,-0.020777430361305357,52.85476295222838,-10.729292244567198,49.18760652054742,-0.002472569638694637,,,
2484,1642612339.4180105,53.29102110694518,-0.019777379034427105,52.83849340222669,-10.685107408513625,49.19202003067768,-0.0024726209655728873,,,
2485,1642612339.4220834,53.2706376685884,-0.01602732770754885,52.81573911742467,-10.668199984751741,49.19559668120732,-0.002472672292451137,,,
2486,1642612339.4261563,53.25025423023162,-0.011152276380670612,52.79904830976994,-10.66414199035268,49.19808541769237,-0.002472723619329387,,,
2487,1642612339.4305422,53.22830412006295,-0.01602722505379235,52.77858663813806,-10.660108869985574,49.20166204531384,-0.002472774946207637,,,
2488,1642612339.4331472,53.21526721509976,-0.02240217372691412,52.762224252838614,-10.656597900178864,49.206661303330364,-0.002472826273085887,,,
2489,1642612339.4372187,53.194890935943945,-0.02227712240003586,52.73935814600706,-10.654081493622202,49.21163265495459,-0.002472877599964137,,,
2490,1642612339.4412954,53.17448840638458,-0.017652071073157617,52.72290346683405,-10.651490505806397,49.21557188241066,-0.002472928926842387,,,
2491,1642612339.4445465,53.158217928984065,-0.01165201974627936,52.70244658968911,-10.647233651841402,49.218172141378176,-0.002472980253720637,,,
2492,1642612339.4481637,53.14016217488665,-0.0147769684194011,52.6858984180208,-10.689713325000573,49.22146976234707,-0.0024730315805988868,,,
2493,1642612339.4523964,53.1191034477121,-0.022026917092522857,52.66723109671303,-10.747593862314467,49.226385278278535,-0.0024730829074771365,,,
2494,1642612339.4556465,53.102933078262225,-0.022276865765644607,52.64620242355316,-10.744649793859082,49.23135657263235,-0.0024731342343553868,,,
2495,1642612339.4597251,53.082640640602385,-0.018526814438766356,52.62967158947866,-10.742509539340983,49.23549100738555,-0.0024731855612336365,,,
2496,1642612339.4633737,53.0644881197917,-0.013651763111888114,52.60932631260294,-10.739138470836759,49.23853752809415,-0.0024732368881118867,,,
2497,1642612339.4676163,53.04337957193662,-0.012651711785009862,52.591286311734294,-10.734988727897106,49.24136087784293,-0.0024732882149901365,,,
2498,1642612339.4709206,53.02693993357059,-0.019026660458131606,52.57017340049079,-10.73106506504138,49.24560685798675,-0.0024733395418683863,,,
2499,1642612339.4749925,53.00668070969776,-0.02090160913125337,52.55401036649977,-10.727819621799009,49.25027125074977,-0.0024733908687466365,,,
2500,1642612339.4785624,52.98887793824451,-0.019151557804375118,52.533771870293435,-10.711189354161391,49.25454510292365,-0.0024734421956248863,,,
2501,1642612339.4828002,52.96768400264319,-0.014526506477496851,52.51160784392028,-10.683103503167743,49.257786830929376,-0.0024734935225031365,,,
2502,1642612339.486049,52.95143710719994,-0.011151455150618612,52.494553041507054,-10.678693708123577,49.26027538414913,-0.0024735448493813862,,,
2503,1642612339.4901164,52.931095698403404,-0.018651403823740368,52.47834728769881,-10.674509165476675,49.2644376222079,-0.0024735961762596364,,,
2504,1642612339.4946358,52.908493603142716,-0.024026352496862108,52.45801179958188,-10.67100035944069,49.269799331155966,-0.002473647503137886,,,
2505,1642612339.497233,52.89550538708054,-0.02302630116998386,52.431753215025665,-10.66879296256854,49.27493786914421,-0.002473698830016136,,,
2506,1642612339.5013082,52.875124630893005,-0.017026249843105603,52.41849352888747,-10.666510495262775,49.278737438643894,-0.002473750156894386,,,
2507,1642612339.5053797,52.85476295222838,-0.011151198516227362,52.40223657018439,-10.662676370339998,49.281225934593245,-0.002473801483772636,,,
2508,1642612339.508633,52.83849340222669,-0.013526147189349129,52.38188560151786,-10.658091448648866,49.28424442291466,-0.002473852810650886,,,
2509,1642612339.513165,52.81573911742467,-0.02040109586247087,52.36562387956876,-10.609734271815052,49.288797121384,-0.002473904137529136,,,
2510,1642612339.516485,52.79904830976994,-0.020276044535592605,52.34276207283797,-10.59163866137257,49.293321913461035,-0.0024739554644073857,,,
2511,1642612339.520555,52.77858663813806,-0.01765099320871437,52.326373249968206,-10.589518295336235,49.29726090038141,-0.002474006791285636,,,
2512,1642612339.5238097,52.762224252838614,-0.012650941881836113,52.30594529955645,-10.58585492301132,49.300084078318974,-0.0024740581181638857,,,
2513,1642612339.528358,52.73935814600706,-0.013025890554957878,52.2896307209522,-10.581370277929539,49.30299092961712,-0.002474109445042136,,,
2514,1642612339.531631,52.72290346683405,-0.021400839228079623,52.26675510475455,-10.577258953507183,49.30776673032179,-0.0024741607719203857,,,
2515,1642612339.5357,52.70244658968911,-0.02352578790120136,52.2503866391834,-10.573919147558705,49.3130167335221,-0.002474212098798636,,,
2516,1642612339.5389917,52.6858984180208,-0.020525736574323106,52.229931146544104,-10.571649508442677,49.317597246751085,-0.0024742634256768857,,,
2517,1642612339.5427213,52.66723109671303,-0.014650685247444867,52.21353992869803,-10.602719390100104,49.32086668642974,-0.0024743147525551354,,,
2518,1642612339.546947,52.64620242355316,-0.010650633920566612,52.19118501190915,-10.65944250873638,49.323243476631326,-0.0024743660794333856,,,
2519,1642612339.550269,52.62967158947866,-0.016775582593688353,52.17420251031943,-10.655520073261531,49.32698710735153,-0.0024744174063116354,,,
2520,1642612339.5543573,52.60932631260294,-0.020650531266810122,52.15394455768935,-10.651999446369588,49.331595469702414,-0.0024744687331898856,,,
2521,1642612339.5579824,52.591286311734294,-0.019525479939931856,52.13780465401219,-10.649533550238734,49.33595276615525,-0.0024745200600681354,,,
2522,1642612339.562225,52.57017340049079,-0.016150428613053616,52.111630714629854,-10.64664075376671,49.33955688782212,-0.0024745713869463856,,,
2523,1642612339.565473,52.55401036649977,-0.011525377286175377,52.098613170259654,-10.64226633648319,49.34212888532083,-0.0024746227138246354,,,
2524,1642612339.56954,52.533771870293435,-0.015650325959297117,52.07835047059908,-10.63759058081372,49.345621404326664,-0.002474674040702885,,,
2525,1642612339.573988,52.51160784392028,-0.022025274632418858,52.062189205284696,-10.63379376917022,49.350536553727544,-0.0024747253675811353,,,
2526,1642612339.5774026,52.494553041507054,-0.020900223305540623,52.04187903531919,-10.614037436907784,49.35520063723038,-0.002474776694459385,,,
2527,1642612339.5806472,52.47834728769881,-0.017525171978662355,52.02402612922072,-10.590834052283586,49.35911154594724,-0.0024748280213376353,,,
2528,1642612339.5847187,52.45801179958188,-0.011025120651784126,52.002911647075756,-10.58697580633072,49.36157190642268,-0.002474879348215885,,,
2529,1642612339.589976,52.431753215025665,-0.011400069324905863,51.986695848654975,-10.582592099694827,49.36411594025869,-0.0024749306750941353,,,
2530,1642612339.5926309,52.41849352888747,-0.01915001799802762,51.96632099271782,-10.578833963991032,49.36838944881015,-0.002474982001972385,,,
2531,1642612339.5958858,52.40223657018439,-0.022899966671149373,51.94849731123658,-10.576126780463536,49.37349979405407,-0.002475033328850635,,,
2532,1642612339.5999603,52.38188560151786,-0.021149915344271124,51.92706244350401,-10.57409521271565,49.37821959870886,-0.002475084655728885,,,
2533,1642612339.6032162,52.36562387956876,-0.014149864017392867,51.91080853229957,-10.57053728725022,49.381377275369346,-0.002475135982607135,,,
2534,1642612339.6077745,52.34276207283797,-0.010649812690514612,51.89048846348892,-10.560716485592765,49.38375388230565,-0.002475187309485385,,,
2535,1642612339.6110375,52.326373249968206,-0.01839976136363637,51.872578700491,-10.550098859720837,49.38785996395739,-0.002475238636363635,,,
2536,1642612339.6151047,52.30594529955645,-0.02252471003675811,51.85144523843954,-10.546469774779833,49.39288656711625,-0.0024752899632418846,,,
2537,1642612339.618353,52.2896307209522,-0.02064965870987987,51.835176347624746,-10.544115481976403,49.39749473474777,-0.0024753412901201348,,,
2538,1642612339.6229074,52.26675510475455,-0.016774607383001607,51.814830993805494,-10.54133627215077,49.40123814784043,-0.0024753926169983845,,,
2539,1642612339.6261663,52.2503866391834,-0.011399556056123365,51.79290226974059,-10.537207303540525,49.40378206713563,-0.0024754439438766348,,,
2540,1642612339.630239,52.229931146544104,-0.01689950472924512,51.775835732318605,-10.533253315255655,49.407553352258354,-0.0024754952707548845,,,
2541,1642612339.6335025,52.21353992869803,-0.021899453402366875,51.7595799567694,-10.52989923458644,49.41244042345572,-0.0024755465976331343,,,
2542,1642612339.6379678,52.19118501190915,-0.019524402075488608,51.73922029538769,-10.523617816595294,49.41679747937287,-0.0024755979245113845,,,
2543,1642612339.6413796,52.17420251031943,-0.017524350748610355,51.712927619782924,-10.512435230358577,49.420708204824436,-0.0024756492513896343,,,
2544,1642612339.6454494,52.15394455768935,-0.012274299421732129,51.699979329225165,-10.508436068102222,49.42344733141677,-0.0024757005782678845,,,
2545,1642612339.648692,52.13780465401219,-0.014399248094853868,51.68371607573952,-10.504062427514663,49.426660660504716,-0.0024757519051461343,,,
2546,1642612339.6539502,52.111630714629854,-0.02177419676797561,51.663357165860056,-10.500088251660097,49.43151977949346,-0.0024758032320243845,,,
2547,1642612339.6565654,52.098613170259654,-0.02327414544109736,51.64705690702663,-10.497037824540406,49.436713626286746,-0.0024758545589026342,,,
2548,1642612339.6606362,52.07835047059908,-0.018899094114219122,51.62429026210015,-10.494586589385637,49.440931138788315,-0.002475905885780884,,,
2549,1642612339.663883,52.062189205284696,-0.012399042787340865,51.607935092105514,-10.490787205626104,49.443698103048455,-0.002475957212659134,,,
2550,1642612339.6679633,52.04187903531919,-0.011898991460462615,51.58755350152904,-10.486163957244273,49.44635347610164,-0.002476008539537384,,,
2551,1642612339.671544,52.02402612922072,-0.01927394013358436,51.57129024804338,-10.455171020274479,49.45065463905562,-0.002476059866415634,,,
2552,1642612339.6757708,52.002911647075756,-0.021898888806706124,51.549274018787855,-10.406468762203614,49.4555415842581,-0.002476111193293884,,,
2553,1642612339.6790168,51.986695848654975,-0.018773837479827856,51.53210917767666,-10.404232849686364,49.45973114455105,-0.002476162520172134,,,
2554,1642612339.6830955,51.96632099271782,-0.01352378615294963,51.51154863095347,-10.401277934713114,49.46274910598475,-0.002476213847050384,,,
2555,1642612339.6866634,51.94849731123658,-0.010148734826071364,51.49103015491928,-10.397132940032806,49.46501389263248,-0.0024762651739286337,,,
2556,1642612339.6909542,51.92706244350401,-0.017773683499193105,51.4684658413801,-10.392467291204206,49.46898025905743,-0.002476316500806884,,,
2557,1642612339.694208,51.91080853229957,-0.023523632172314863,51.45537344296391,-10.388297523346047,49.474229781186345,-0.0024763678276851337,,,
2558,1642612339.6982756,51.89048846348892,-0.02227358084543661,51.43486458308721,-10.385417029708712,49.479200342479,-0.002476419154563384,,,
2559,1642612339.701859,51.872578700491,-0.01814852951855837,51.41850148910634,-10.39595219017041,49.48325035935637,-0.0024764704814416337,,,
2560,1642612339.706085,51.85144523843954,-0.011773478191680129,51.38377015386088,-10.506874442992867,49.485877722930525,-0.002476521808319884,,,
2561,1642612339.7093382,51.835176347624746,-0.013898426864801867,51.37984120595004,-10.502728505676068,49.48897928900032,-0.0024765731351981336,,,
2562,1642612339.7134066,51.814830993805494,-0.020648375537923622,51.3599981786046,-10.499235173992163,49.49358717027981,-0.0024766244620763834,,,
2563,1642612339.7177916,51.79290226974059,-0.019773324211045357,51.33967546103373,-10.496595246486859,49.49799977553769,-0.0024766757889546336,,,
2564,1642612339.7212043,51.775835732318605,-0.016773272884167106,51.3234301103791,-10.494131028024055,49.501742890824254,-0.0024767271158328834,,,
2565,1642612339.7244549,51.7595799567694,-0.012023221557288879,51.3049549125874,-10.49016083067871,49.50442598700445,-0.0024767784427111336,,,
2566,1642612339.728526,51.73922029538769,-0.01252317023041063,51.28275142938015,-10.485437649043478,49.507220651483436,-0.0024768297695893834,,,
2567,1642612339.7337818,51.712927619782924,-0.02002311890353236,51.26655119810316,-10.4809654759124,49.51168900080143,-0.002476881096467633,,,
2568,1642612339.736368,51.699979329225165,-0.021898067576654124,51.246021881276775,-10.479246393864612,49.51657576273862,-0.0024769324233458834,,,
2569,1642612339.7396162,51.68371607573952,-0.01989801624977587,51.22773597511073,-10.479105970801305,49.52101619421023,-0.002476983750224133,,,
2570,1642612339.7436824,51.663357165860056,-0.015272964922897606,51.20973863600473,-10.475762116969166,49.5244245015137,-0.0024770350771023833,,,
2571,1642612339.746938,51.64705690702663,-0.01227291359601938,51.1894232329751,-10.471238157164304,49.527163318845844,-0.002477086403980633,,,
2572,1642612339.751485,51.62429026210015,-0.019022862269141107,51.17299856908611,-10.46694018737756,49.53140845138769,-0.0024771377308588833,,,
2573,1642612339.7547517,51.607935092105514,-0.023147810942262877,51.15055975778235,-10.463495929048422,49.53657410543666,-0.002477189057737133,,,
2574,1642612339.7588224,51.58755350152904,-0.020397759615384623,51.132479333947906,-10.461432668155979,49.54112605939074,-0.002477240384615383,,,
2575,1642612339.7620707,51.57129024804338,-0.01639770828850637,51.11625407340718,-10.458842131586055,49.54478536386776,-0.002477291711493633,,,
2576,1642612339.7664566,51.549274018787855,-0.01127265696162813,51.095969530419545,-10.43045068745223,49.547300964423755,-0.002477343038371883,,,
2577,1642612339.7698612,51.53210917767666,-0.014897605634749869,51.068753140129104,-10.369258876855541,49.550625506734,-0.002477394365250133,,,
2578,1642612339.7739394,51.51154863095347,-0.020897554307871623,51.05992278639695,-10.36559223695537,49.55528899462463,-0.002477445692128383,,,
2579,1642612339.7780092,51.49103015491928,-0.023522502980993364,51.03947134264749,-10.36284743077784,49.56053826476377,-0.0024774970190066326,,,
2580,1642612339.7824848,51.4684658413801,-0.02102245165411511,51.01902827230308,-10.360177377268695,49.56522962468446,-0.002477548345884883,,,
2581,1642612339.7850816,51.45537344296391,-0.014522400327236855,51.002719271654996,-10.356037399242053,49.568470436363725,-0.0024775996727631326,,,
2582,1642612339.7891495,51.43486458308721,-0.013647349000358617,50.97981800882623,-10.3514489767626,49.57151597202138,-0.0024776509996413828,,,
2583,1642612339.792395,51.41850148910634,-0.020397297673480374,50.96348628036442,-10.347284105045112,49.57606782288874,-0.0024777023265196325,,,
2584,1642612339.7992928,51.38377015386088,-0.020647246346602123,50.94311258966191,-10.344165637788494,49.580675452178454,-0.0024777536533978827,,,
2585,1642612339.8000817,51.37984120595004,-0.017397195019723873,50.92684665223983,-10.35208180668903,49.58455780162041,-0.0024778049802761325,,,
2586,1642612339.8040662,51.3599981786046,-0.013147143692845618,50.90449319854107,-10.366253420334532,49.58749171170888,-0.0024778563071543823,,,
2587,1642612339.808147,51.33967546103373,-0.01227209236596738,50.887436366728906,-10.36185271850826,49.59023034577573,-0.0024779076340326325,,,
2588,1642612339.811409,51.3234301103791,-0.01977204103908911,50.86710465184167,-10.357626888635796,49.594642664681594,-0.0024779589609108823,,,
2589,1642612339.8151188,51.3049549125874,-0.023521989712210863,50.85091038486131,-10.354125496069173,49.59989182027992,-0.0024780102877891325,,,
2590,1642612339.8195772,51.28275142938015,-0.02227193838533261,50.82887143584641,-10.3515483827469,49.60486201504199,-0.0024780616146673822,,,
2591,1642612339.8228302,51.26655119810316,-0.01677188705845436,50.81170961689013,-10.348521635313176,49.60860482106837,-0.0024781129415456325,,,
2592,1642612339.8269525,51.246021881276775,-0.01127183573157613,50.79136955075279,-10.34417094525646,49.61112023835907,-0.0024781642684238822,,,
2593,1642612339.8306248,51.22773597511073,-0.01664678440469787,50.77514665091494,-10.360343139298893,49.61483512653908,-0.002478215595302132,,,
2594,1642612339.83424,51.20973863600473,-0.022521733077819614,50.753152443403486,-10.398855456747908,49.619861065361256,-0.002478266922180382,,,
2595,1642612339.8383207,51.1894232329751,-0.021396681750941376,50.73525603378593,-10.396262715316306,49.624635938285394,-0.002478318249058632,,,
2596,1642612339.84162,51.17299856908611,-0.01714663042406312,50.71911938244246,-10.39387104203109,49.628462371856024,-0.002478369575936882,,,
2597,1642612339.8461273,51.15055975778235,-0.01027157909718488,50.69892840930715,-10.389896048690593,49.63075457237058,-0.002478420902815132,,,
2598,1642612339.849759,51.132479333947906,-0.012896527770306618,50.67259606952665,-10.385267627736054,49.63363255513364,-0.002478472229693382,,,
2599,1642612339.8530183,51.11625407340718,-0.020646476443428374,50.65970619591528,-10.381368051718626,49.63824001261214,-0.002478523556571632,,,
2600,1642612339.8570929,51.095969530419545,-0.021896425116550128,50.64357310203462,-10.378373246236468,49.64312640801874,-0.0024785748834498817,,,
2601,1642612339.8625472,51.068753140129104,-0.018396373789671874,50.62333113859892,-10.37585596340584,49.647231733701155,-0.002478626210328132,,,
2602,1642612339.8643072,51.05992278639695,-0.013771322462793605,50.603095104267915,-10.319602578124263,49.65030493521541,-0.0024786775372063817,,,
2603,1642612339.8683834,51.03947134264749,-0.013396271135915369,50.58513964636423,-10.25230350481962,49.65329444046093,-0.002478728864084632,,,
2604,1642612339.872458,51.01902827230308,-0.020771219809037112,50.56804553762866,-10.248198850689231,49.657929735607254,-0.0024787801909628817,,,
2605,1642612339.8757086,51.002719271654996,-0.023021168482158863,50.547605756260886,-10.245013750921588,49.663067128187414,-0.0024788315178411314,,,
2606,1642612339.880273,50.97981800882623,-0.020896117155280624,50.52718036488292,-10.242748205522291,49.66773029536379,-0.0024788828447193816,,,
2607,1642612339.8835282,50.96348628036442,-0.01564606582840237,50.504679217474006,-10.239414010895045,49.67122186368091,-0.0024789341715976314,,,
2608,1642612339.887589,50.94311258966191,-0.010146014501524116,50.491626297545096,-10.234886904315225,49.673486043262365,-0.0024789854984758816,,,
2609,1642612339.890831,50.92684665223983,-0.01664596317464587,50.47118052034823,-10.230956269017327,49.67720074817707,-0.0024790368253541314,,,
2610,1642612339.8952906,50.90449319854107,-0.022020911847767614,50.45075033230699,-10.257375931592822,49.68211492398109,-0.002479088152232381,,,
2611,1642612339.8986993,50.887436366728906,-0.021145860520889376,50.42874615114723,-10.30586840615552,49.68683382376349,-0.0024791394791106314,,,
2612,1642612339.9027624,50.86710465184167,-0.017520809194011108,50.41559557330301,-10.303159211612371,49.69074375888349,-0.002479190805988881,,,
2613,1642612339.9059987,50.85091038486131,-0.012895757867132868,50.39530634829826,-10.298671568619824,49.69362156983533,-0.0024792421328671314,,,
2614,1642612339.910403,50.82887143584641,-0.01514570654025462,50.37505162675478,-10.293858302635343,49.697001478221026,-0.002479293459745381,,,
2615,1642612339.9138327,50.81170961689013,-0.02177065521337636,50.35070289106475,-10.289971849361386,49.7018598068782,-0.0024793447866236313,,,
2616,1642612339.9178975,50.79136955075279,-0.021520603886498114,50.33663618683492,-10.287212598530946,49.70666233420485,-0.002479396113501881,,,
2617,1642612339.9211395,50.77514665091494,-0.01952055255961986,50.32036245085797,-10.285079575845776,49.71101853106594,-0.002479447440380131,,,
2618,1642612339.9255435,50.753152443403486,-0.012895501232741618,50.30001849622499,-10.281493738002421,49.71389628474738,-0.002479498767258381,,,
2619,1642612339.9291418,50.73525603378593,-0.011895449905863368,50.283767365964046,-10.2708614893295,49.71655086746899,-0.002479550094136631,,,
2620,1642612339.9323862,50.71911938244246,-0.01977039857898511,50.26516001937062,-10.258750645744032,49.72096281984427,-0.002479601421014881,,,
2621,1642612339.9364457,50.69892840930715,-0.023020347252106863,50.244017119695556,-10.255444940246296,49.726100029159134,-0.002479652747893131,,,
2622,1642612339.94174,50.67259606952665,-0.019395295925228623,50.22368795835466,-10.252864655845272,49.7304282738116,-0.002479704074771381,,,
2623,1642612339.9443316,50.65970619591528,-0.014895244598350371,50.207484676737344,-10.249408885890071,49.733752289234125,-0.002479755401649631,,,
2624,1642612339.9475753,50.64357310203462,-0.012520193271472132,50.185398174191626,-10.244852502876624,49.73654628937643,-0.0024798067285278806,,,
2625,1642612339.9516451,50.62333113859892,-0.018145141944593872,50.16827511805897,-10.240596300136955,49.74059555028447,-0.002479858055406131,,,
2626,1642612339.9557137,50.603095104267915,-0.022520090617715614,50.15204085957974,-10.237140560996185,49.745621122576054,-0.0024799093822843806,,,
2627,1642612339.9593055,50.58513964636423,-0.020645039290837375,50.13170931540331,-10.242615013802066,49.7502282593403,-0.0024799607091626308,,,
2628,1642612339.9627042,50.56804553762866,-0.016019987963959106,50.109604955206045,-10.253263124551635,49.753803271936384,-0.0024800120360408805,,,
2629,1642612339.966768,50.547605756260886,-0.011394936637080869,50.09253273127386,-10.248973085623096,49.756346160364316,-0.0024800633629191307,,,
2630,1642612339.970829,50.52718036488292,-0.01676988531020261,50.07629277677218,-10.244482529368714,49.76008851968155,-0.0024801146897973805,,,
2631,1642612339.9753027,50.504679217474006,-0.022769833983324363,50.05600918179459,-10.240718896023255,49.765169824579175,-0.0024801660166756303,,,
2632,1642612339.977898,50.491626297545096,-0.019769782656446112,50.03400397805221,-10.238133372713301,49.76958163950549,-0.0024802173435538805,,,
2633,1642612339.981963,50.47118052034823,-0.016894731329567873,50.0169876350675,-10.23579851922199,49.773351859398694,-0.0024802686704321303,,,
2634,1642612339.9860249,50.45075033230699,-0.012269680002689633,50.000803561513294,-10.231658927466112,49.77608995512375,-0.0024803199973103805,,,
2635,1642612339.9904125,50.42874615114723,-0.013519628675811385,49.980528289230016,-10.20565162434692,49.77910698877691,-0.0024803713241886302,,,
2636,1642612339.9930477,50.41559557330301,-0.022394577348933128,49.95439982513814,-10.154164340455909,49.78410455158948,-0.00248042265106688,,,
2637,1642612339.9971135,50.39530634829826,-0.024019526022054864,49.94141736318695,-10.151222734600239,49.7894647371448,-0.0024804739779451302,,,
2638,1642612340.0011723,50.37505162675478,-0.019394474695176626,49.925121656290074,-10.148903586372496,49.79379279853197,-0.00248052530482338,,,
2639,1642612340.0060515,50.35070289106475,-0.013769423368298356,49.90472030265776,-10.145314655664762,49.79686557624524,-0.00248057663170163,,,
2640,1642612340.0088704,50.33663618683492,-0.010644372041420118,49.88428902448655,-10.140854308823107,49.799240969048974,-0.00248062795857988,,,
2641,1642612340.0121315,50.32036245085797,-0.017894320714541875,49.86602188896773,-10.136692746953775,49.80323425681528,-0.00248067928545813,,,
2642,1642612340.0162082,50.30001849622499,-0.022269269387663614,49.84887393120332,-10.13347731536227,49.80820385596515,-0.00248073061233638,,,
2643,1642612340.0194647,50.283767365964046,-0.02051921806078536,49.82845701681079,-10.131257809832013,49.812782914525876,-0.0024807819392146297,,,
2644,1642612340.0231912,50.26516001937062,-0.01651916673390711,49.80802214769491,-10.145376153214519,49.81646932360954,-0.00248083326609288,,,
2645,1642612340.0274222,50.244017119695556,-0.01289411540702887,49.785846948498616,-10.170521763417055,49.8193467680308,-0.0024808845929711297,,,
2646,1642612340.0314903,50.22368795835466,-0.01726906408015061,49.772912981167984,-10.166216123405107,49.82320052383562,-0.00248093591984938,,,
2647,1642612340.0347328,50.207484676737344,-0.022769012753272366,49.75253796123673,-10.162285673445547,49.828281645467946,-0.0024809872467276297,,,
2648,1642612340.0391526,50.185398174191626,-0.021268961426394114,49.732187963259776,-10.15940573717488,49.83302801638758,-0.0024810385736058795,,,
2649,1642612340.0425792,50.16827511805897,-0.01726891009951586,49.710057831962516,-10.156725907056755,49.836881737830154,-0.0024810899004841297,,,
2650,1642612340.0458279,50.15204085957974,-0.011268858772637632,49.69709765115595,-10.152970571812055,49.839396490784175,-0.0024811412273623794,,,
2651,1642612340.0498965,50.13170931540331,-0.014018807445759358,49.676777441219826,-10.148589947191107,49.84252492092491,-0.0024811925542406296,,,
2652,1642612340.0543232,50.109604955206045,-0.021393756118881127,49.65623084217336,-10.15038160401608,49.84729914096644,-0.0024812438811188794,,,
2653,1642612340.0577466,50.09253273127386,-0.02239370479200288,49.634167965350365,-10.15716839406834,49.852296509059634,-0.0024812952079971296,,,
2654,1642612340.0610032,50.07629277677218,-0.018768653465124612,49.62127638914637,-10.154785113108789,49.85648491249042,-0.0024813465348753794,,,
2655,1642612340.0650706,50.05600918179459,-0.01289360213824637,49.600989645197444,-10.15114932698552,49.85936224237087,-0.002481397861753629,,,
2656,1642612340.0694833,50.03400397805221,-0.01164355081136812,49.58071955703172,-10.14666184065759,49.86196061141506,-0.0024814491886318794,,,
2657,1642612340.0728955,50.0169876350675,-0.020643499484489878,49.564475409607454,-10.142174364607968,49.866567404556875,-0.002481500515510129,,,
2658,1642612340.0761409,50.000803561513294,-0.023018448157611615,49.546604943922674,-10.138739011819812,49.87170419007076,-0.0024815518423883793,,,
2659,1642612340.0802066,49.980528289230016,-0.02164339683073338,49.52549730780129,-10.136380832599624,49.87653411981016,-0.002481603169266629,,,
2660,1642612340.0854352,49.95439982513814,-0.014768345503855109,49.50518676987635,-10.133045701611783,49.879829816493476,-0.0024816544961448793,,,
2661,1642612340.088021,49.94141736318695,-0.01164329417697687,49.488990210404104,-10.108022183425634,49.88242812826726,-0.002481705823023129,,,
2662,1642612340.0912669,49.925121656290074,-0.018018242850098613,49.46666983862023,-10.067672148291859,49.886449070436086,-0.002481757149901379,,,
2663,1642612340.0953305,49.90472030265776,-0.02239319152322038,49.449567484639495,-10.063807666966559,49.891446323988475,-0.002481808476779629,,,
2664,1642612340.0994,49.88428902448655,-0.020893140196342128,49.429136781671396,-10.060889786006271,49.89610882682816,-0.002481859803657879,,,
2665,1642612340.1030385,49.86602188896773,-0.016143088869463872,49.41286352396969,-10.057822453672363,49.89971131056148,-0.002481911130536129,,,
2666,1642612340.1064541,49.84887393120332,-0.01114303754258562,49.390796163411835,-10.053659079829668,49.902197985311986,-0.002481962457414379,,,
2667,1642612340.1105208,49.82845701681079,-0.014392986215707372,49.37367466723707,-10.04937116488659,49.90540991700209,-0.0024820137842926286,,,
2668,1642612340.1145911,49.80802214769491,-0.021392934888829127,49.35325353536599,-10.045531644973668,49.91018395377832,-0.002482065111170879,,,
2669,1642612340.1190155,49.785846948498616,-0.021517883561950866,49.33698625959992,-10.062628356379324,49.9149858740387,-0.0024821164380491286,,,
2670,1642612340.1216035,49.772912981167984,-0.019642832235072627,49.30624206510731,-10.116946120308354,49.91936935877172,-0.002482167764927379,,,
2671,1642612340.1256804,49.75253796123673,-0.014392780908194373,49.29652872389153,-10.113403571657617,49.92258124464549,-0.0024822190918056286,,,
2672,1642612340.1297524,49.732187963259776,-0.013392729581316121,49.280254335913924,-10.109133109619544,49.925569959559446,-0.0024822704186838788,,,
2673,1642612340.1341805,49.710057831962516,-0.018767678254437863,49.25979826015218,-10.105063464430996,49.9297581453627,-0.0024823217455621285,,,
2674,1642612340.1367738,49.69709765115595,-0.021892626927559628,49.243621231174664,-10.101797055683136,49.934643693167324,-0.0024823730724403783,,,
2675,1642612340.1408398,49.676777441219826,-0.01964257560068138,49.22065519289854,-10.099559790742989,49.93902712062994,-0.0024824243993186285,,,
2676,1642612340.144951,49.65623084217336,-0.015142524273803123,49.20443542094538,-10.096067495255861,49.942406318862616,-0.0024824757261968783,,,
2677,1642612340.1493683,49.634167965350365,-0.01189247294692487,49.184171688574054,-10.091320169229741,49.945060237247546,-0.0024825270530751285,,,
2678,1642612340.1519518,49.62127638914637,-0.018142421620046627,49.16756366792542,-10.069303911942143,49.9491088910893,-0.0024825783799533783,,,
2679,1642612340.1560173,49.600989645197444,-0.02239237029316838,49.1488409668775,-10.042900094634579,49.9541059613764,-0.002482629706831628,,,
2680,1642612340.1600795,49.58071955703172,-0.02239231896629013,49.12733184502321,-10.040621760781951,49.95910302020941,-0.0024826810337098782,,,
2681,1642612340.1633348,49.564475409607454,-0.017142267639411877,49.11110940879427,-10.037868415051054,49.96292848018318,-0.002482732360588128,,,
2682,1642612340.1669161,49.546604943922674,-0.011767216312533635,49.09245760045609,-10.033665012018002,49.965554446359484,-0.0024827836874663782,,,
2683,1642612340.1711462,49.52549730780129,-0.016642164985655374,49.06913062165059,-10.02936161458846,49.96926830367222,-0.002482835014344628,,,
2684,1642612340.1752164,49.50518676987635,-0.021517113658777114,49.05200342907674,-10.025558250727228,49.974070052121384,-0.002482886341222878,,,
2685,1642612340.1784623,49.488990210404104,-0.022267062331898867,49.03566536522533,-10.022729942568093,49.97903915874577,-0.002482937668101128,,,
2686,1642612340.1829262,49.46666983862023,-0.019392011005020627,49.01503835100638,-10.01497157249762,49.98336667033706,-0.0024829889949793777,,,
2687,1642612340.1863344,49.449567484639495,-0.014641959678142373,48.992852492311826,-10.001959796301982,49.986634162821986,-0.002483040321857628,,,
2688,1642612340.1904058,49.429136781671396,-0.015391908351264125,48.97576776704962,-9.99743787699618,49.990069013482135,-0.0024830916487358777,,,
2689,1642612340.1936488,49.41286352396969,-0.02089185702438588,48.9595079121868,-9.993065761694375,49.9947312299698,-0.002483142975614128,,,
2690,1642612340.1980464,49.390796163411835,-0.021516805697507614,48.93898165094562,-9.98969228163145,49.99953290969448,-0.0024831943024923777,,,
2691,1642612340.2014585,49.37367466723707,-0.019266754370629365,48.922463949474604,-9.987267505549694,50.00383246907715,-0.002483245629370628,,,
2692,1642612340.205528,49.35325353536599,-0.015141703043751124,48.899510826407116,-9.98389404598962,50.00721148404454,-0.0024832969562488777,,,
2693,1642612340.2087698,49.33698625959992,-0.011891651716872871,48.8831650226749,-9.979846524810888,50.009865219164176,-0.0024833482831271275,,,
2694,1642612340.2149088,49.30624206510731,-0.017641600389994627,48.862555200032915,-9.976323292002915,50.013802109987765,-0.0024833996100053777,,,
2695,1642612340.2168593,49.29652872389153,-0.021266549063116365,48.84563521010372,-10.001587123872635,50.018547942565604,-0.0024834509368836274,,,
2696,1642612340.2201273,49.280254335913924,-0.020266497736238114,48.82759212444783,-10.033753293663658,50.023070604183616,-0.0024835022637618776,,,
2697,1642612340.224235,49.25979826015218,-0.016266446409359862,48.806485961346716,-10.030484096214256,50.02670061632456,-0.0024835535906401274,,,
2698,1642612340.2274835,49.243621231174664,-0.01114139508248162,48.78634181129989,-10.025983829642364,50.02918692454448,-0.0024836049175183776,,,
2699,1642612340.2320952,49.22065519289854,-0.017391343755603375,48.770332775318735,-10.021433325247406,50.03306796822124,-0.0024836562443966274,,,
2700,1642612340.2353523,49.20443542094538,-0.023641292428725133,48.748290695695005,-10.017435560715,50.038343747354816,-0.002483707571274877,,,
2701,1642612340.2394214,49.184171688574054,-0.023391241101846882,48.73125559153634,-10.01486987849506,50.04356372515788,-0.0024837588981531274,,,
2702,1642612340.2427564,49.16756366792542,-0.018391189774968626,48.71494525923485,-10.012454951008392,50.04766789397813,-0.002483810225031377,,,
2703,1642612340.2465096,49.1488409668775,-0.01139113844809037,48.69447727495396,-9.977527720367142,50.05020993480409,-0.0024838615519096273,,,
2704,1642612340.2508116,49.12733184502321,-0.01376608712121211,48.672091441801,-9.919311706085365,50.0532819680021,-0.002483912878787877,,,
2705,1642612340.2540562,49.11110940879427,-0.021016035794333865,48.654820291715886,-9.915547318426754,50.0579718961627,-0.002483964205666127,,,
2706,1642612340.2577868,49.09245760045609,-0.021515984467455618,48.638584022818335,-9.91250533431186,50.062773392622084,-0.002484015532544377,,,
2707,1642612340.2624524,49.06913062165059,-0.019015933140577364,48.61798689619979,-9.90976228180537,50.06701697886302,-0.002484066859422627,,,
2708,1642612340.265878,49.05200342907674,-0.014140881813699123,48.595692085875875,-9.905948104599876,50.07017265105938,-0.002484118186300877,,,
2709,1642612340.2691457,49.03566536522533,-0.012640830486820872,48.57855852115096,-9.901635735331084,50.07299357254303,-0.002484169513179127,,,
2710,1642612340.2732713,49.01503835100638,-0.020015779159942616,48.56217031015997,-9.897572477440216,50.07746028392747,-0.0024842208400573766,,,
2711,1642612340.2777064,48.992852492311826,-0.02264072783306438,48.54169760856282,-9.894131982638363,50.08251277756042,-0.002484272166935627,,,
2712,1642612340.2811186,48.97576776704962,-0.021890676506186132,48.525254363427756,-9.945619148092762,50.087397890109976,-0.0024843234938138766,,,
2713,1642612340.2843661,48.9595079121868,-0.016890625179307877,48.5025534920038,-9.960402049416201,50.09116719367672,-0.002484374820692127,,,
2714,1642612340.2884657,48.93898165094562,-0.012140573852429622,48.48626638886799,-9.9556316421633,50.0938764781371,-0.0024844261475703766,,,
2715,1642612340.2917647,48.922463949474604,-0.01689052252555138,48.465836544119284,-9.95111216720865,50.09764575879568,-0.0024844774744486268,,,
2716,1642612340.296349,48.899510826407116,-0.020265471198673116,48.4494864922147,-9.947295284155842,50.102168191332076,-0.0024845288013268766,,,
2717,1642612340.2996137,48.8831650226749,-0.017640419871794877,48.426637276862365,-9.94453228379574,50.10610481871181,-0.0024845801282051263,,,
2718,1642612340.30373,48.862555200032915,-0.016140368544916628,48.4102622829928,-9.941844570342285,50.10970669537885,-0.0024846314550833765,,,
2719,1642612340.3071094,48.84563521010372,-0.013140317218038374,48.389931018391415,-9.937701519598185,50.11263908207456,-0.0024846827819616263,,,
2720,1642612340.3107233,48.82759212444783,-0.016265265891160112,48.37354414739566,-9.90733080013158,50.11626883077165,-0.0024847341088398765,,,
2721,1642612340.3149655,48.806485961346716,-0.022390214564281884,48.35134129445676,-9.859239741395173,50.12126541998735,-0.0024847854357181263,,,
2722,1642612340.3190143,48.78634181129989,-0.022640163237403633,48.33420142507388,-9.856297000677174,50.12631778762541,-0.0024848367625963765,,,
2723,1642612340.322232,48.770332775318735,-0.01989011191052538,48.31377688255781,-9.85382765256749,50.13075645516859,-0.0024848880894746263,,,
2724,1642612340.3266623,48.748290695695005,-0.012765060583647138,48.29731882806419,-9.850237145900712,50.133605099779246,-0.002484939416352876,,,
2725,1642612340.3300862,48.73125559153634,-0.012015009256768888,48.27502228501883,-9.845874288753462,50.13628636330651,-0.0024849907432311262,,,
2726,1642612340.3333645,48.71494525923485,-0.01863995792989063,48.2578584923065,-9.841885164765195,50.140446047105264,-0.002485042070109376,,,
2727,1642612340.3374784,48.69447727495396,-0.02088990660301238,48.241482973299476,-9.838543837408054,50.14510782833786,-0.002485093396987626,,,
2728,1642612340.3419638,48.672091441801,-0.01888985527613413,48.22099623012684,-9.85152790356522,50.14932327910489,-0.002485144723865876,,,
2729,1642612340.3454056,48.654820291715886,-0.015264803949255862,48.19463200828672,-9.882291430862555,50.15272976520951,-0.002485196050744126,,,
2730,1642612340.3486412,48.638584022818335,-0.013764752622377611,48.181687775240384,-9.877731341176442,50.15580150060143,-0.002485247377622376,,,
2731,1642612340.3527458,48.61798689619979,-0.01913970129549938,48.16533014936793,-9.873296464268467,50.160072706882644,-0.0024852987045006257,,,
2732,1642612340.3571887,48.595692085875875,-0.02163964996862113,48.14487121537874,-9.869512650621207,50.164901800474155,-0.002485350031378876,,,
2733,1642612340.360603,48.57855852115096,-0.02038959864174288,48.12449440276507,-9.86690575072711,50.16945193322939,-0.0024854013582571257,,,
2734,1642612340.363869,48.56217031015997,-0.017264547314864615,48.1064288903147,-9.863998375116267,50.173304681075095,-0.002485452685135376,,,
2735,1642612340.3679488,48.54169760856282,-0.012639495987986374,48.089189352279014,-9.859638660835971,50.176125304752645,-0.0024855040120136257,,,
2736,1642612340.3712256,48.525254363427756,-0.017514444661108113,48.06872327730065,-9.854878308845633,50.18003381956663,-0.0024855553388918755,,,
2737,1642612340.3757741,48.5025534920038,-0.02376439333422987,48.05243468099023,-9.845586995420188,50.18533706983744,-0.0024856066657701257,,,
2738,1642612340.3790436,48.48626638886799,-0.02251434200735162,48.0295267885744,-9.84065339104125,50.19036135927198,-0.0024856579926483754,,,
2739,1642612340.3831446,48.465836544119284,-0.019014290680473365,48.013086658737954,-9.837873348171625,50.194604578982336,-0.0024857093195266257,,,
2740,1642612340.3864267,48.4494864922147,-0.01376423935359511,47.992788702302924,-9.833642051828077,50.19767619983345,-0.0024857606464048754,,,
2741,1642612340.3910134,48.426637276862365,-0.013389188026716875,47.976409316262874,-9.828960373561907,50.20066412441582,-0.0024858119732831256,,,
2742,1642612340.3943005,48.4102622829928,-0.02063913669983863,47.9542640337845,-9.824754119554328,50.20526994396078,-0.0024858633001613754,,,
2743,1642612340.3983817,48.389931018391415,-0.022139085372960384,47.93717716117465,-9.821498703797522,50.210210491310264,-0.002485914627039625,,,
2744,1642612340.4016712,48.37354414739566,-0.01913903404608213,47.91674104237919,-9.818818799452972,50.21448154868843,-0.0024859659539178754,,,
2745,1642612340.4061165,48.35134129445676,-0.014763982719203862,47.90054150561867,-9.816314582728836,50.21777627177489,-0.002486017280796125,,,
2746,1642612340.4095328,48.33420142507388,-0.012388931392325624,47.87431689879064,-9.814573913116567,50.220540979581116,-0.0024860686076743754,,,
2747,1642612340.4136038,48.31377688255781,-0.018013880065447366,47.86140681511626,-9.810415914249388,50.224560948153076,-0.002486119934552625,,,
2748,1642612340.4168842,48.29731882806419,-0.021888828738569132,47.8408559238965,-9.806908780151037,50.22944564835572,-0.002486171261430875,,,
2749,1642612340.4213283,48.27502228501883,-0.020013777411690865,47.824612362327585,-9.804252773755755,50.23391191303102,-0.002486222588309125,,,
2750,1642612340.4247494,48.2578584923065,-0.016763726084812615,47.80435791253487,-9.800995988873945,50.23765289785856,-0.002486273915187375,,,
2751,1642612340.4280133,48.241482973299476,-0.011888674757934373,47.78614998006383,-9.796812998252479,50.24030596864151,-0.002486325242065625,,,
2752,1642612340.4320967,48.22099623012684,-0.017388623431056127,47.76788966436873,-9.792579952185989,50.24418640525198,-0.002486376568943875,,,
2753,1642612340.4373598,48.19463200828672,-0.02276357210417787,47.74740901429031,-9.789147968086048,50.24926631275175,-0.002486427895822125,,,
2754,1642612340.4399529,48.181687775240384,-0.022138520777299633,47.73123450333494,-9.735172280268282,50.25420673410635,-0.002486479222700375,,,
2755,1642612340.4432297,48.16533014936793,-0.01888846945042138,47.70768637283673,-9.712975694615462,50.258421875613195,-0.0024865305495786246,,,
2756,1642612340.447328,48.14487121537874,-0.01301341812354314,47.6913851857276,-9.708599140323477,50.2613259435697,-0.002486581876456875,,,
2757,1642612340.45141,48.12449440276507,-0.014513366796664862,47.67104167834887,-9.703849801815634,50.26456473933075,-0.0024866332033351246,,,
2758,1642612340.455029,48.1064288903147,-0.021763315469786618,47.654654152746886,-9.699647238660694,50.26942143005437,-0.002486684530213375,,,
2759,1642612340.4584825,48.089189352279014,-0.023763264142908372,47.63166293158731,-9.696488510077463,50.274724428335404,-0.0024867358570916246,,,
2760,1642612340.4625823,48.06872327730065,-0.01913821281603013,47.614178187638636,-9.694000821652367,50.27899530244828,-0.0024867871839698748,,,
2761,1642612340.4658453,48.05243468099023,-0.015138161489151878,47.597874602238036,-9.690146230568452,50.2823735270841,-0.0024868385108481245,,,
2762,1642612340.4704318,48.0295267885744,-0.013888110162273627,47.57743636234632,-9.705051356140547,50.285472790883645,-0.0024868898377263743,,,
2763,1642612340.4737227,48.013086658737954,-0.021138058835395383,47.55519303578812,-9.73464338736209,50.29018994964577,-0.0024869411646046245,,,
2764,1642612340.4777858,47.992788702302924,-0.023388007508517134,47.53812637272521,-9.73131731293637,50.29540920584175,-0.0024869924914828743,,,
2765,1642612340.4810646,47.976409316262874,-0.02101295618163887,47.521875417686545,-9.728840918987546,50.300098446757495,-0.0024870438183611245,,,
2766,1642612340.4854975,47.9542640337845,-0.016262904854760615,47.501315759297576,-9.725314942680805,50.303727668566864,-0.0024870951452393743,,,
2767,1642612340.4889178,47.93717716117465,-0.013387853527882375,47.474852950733116,-9.720914316125606,50.306715295343146,-0.0024871464721176245,,,
2768,1642612340.4930086,47.91674104237919,-0.01926280220100412,47.46178969678922,-9.716688631933305,50.31101397276159,-0.0024871977989958743,,,
2769,1642612340.4962513,47.90054150561867,-0.023637750874125885,47.44548269163778,-9.71286280280852,50.3162889615636,-0.002487249125874124,,,
2770,1642612340.5015016,47.87431689879064,-0.020762699547247618,47.42491826302644,-9.710136557159574,50.320922355332506,-0.0024873004527523742,,,
2771,1642612340.504087,47.86140681511626,-0.017512648220369367,47.408722165544965,-9.696157972799874,50.324830469253655,-0.002487351779630624,,,
2772,1642612340.5082026,47.8408559238965,-0.01326259689349114,47.38586687499684,-9.688174868657063,50.32779014382131,-0.002487403106508874,,,
2773,1642612340.5114555,47.824612362327585,-0.016262545566612864,47.36952159339213,-9.683431751236222,50.33141928545212,-0.002487454433387124,,,
2774,1642612340.5155118,47.80435791253487,-0.020887494239734634,47.34909387316667,-9.67916272893491,50.33608052834292,-0.0024875057602653738,,,
2775,1642612340.5191581,47.78614998006383,-0.021137442912856384,47.33288594686956,-9.676266067853403,50.34079754965608,-0.002487557087143624,,,
2776,1642612340.522815,47.76788966436873,-0.01713739158597813,47.3106594693115,-9.673793598218067,50.34462192149218,-0.0024876084140218737,,,
2777,1642612340.5269165,47.74740901429031,-0.013637340259099877,47.29341719782845,-9.669749173176944,50.347665223604075,-0.002487659740900124,,,
2778,1642612340.5301557,47.73123450333494,-0.01563728893222163,47.27302650381634,-9.665056010654245,50.35115483327339,-0.0024877110677783737,,,
2779,1642612340.5348468,47.70768637283673,-0.02201223760534337,47.25646264811344,-9.686109570829824,50.356067073337755,-0.0024877623946566235,,,
2780,1642612340.5380878,47.6913851857276,-0.023887186278465138,47.225242047644734,-9.756967636510447,50.36139772602131,-0.0024878137215348737,,,
2781,1642612340.5421326,47.67104167834887,-0.021137134951586884,47.21548772949134,-9.75479743251141,50.366114678609975,-0.0024878650484131235,,,
2782,1642612340.5453908,47.654654152746886,-0.01588708362470863,47.19905753755147,-9.75144240452508,50.369660032339404,-0.0024879163752913737,,,
2783,1642612340.549962,47.63166293158731,-0.01251203229783039,47.17863151536576,-9.746625250871865,50.37245221128286,-0.0024879677021696234,,,
2784,1642612340.5534384,47.614178187638636,-0.019386980970952133,47.15634116646474,-9.742009781512003,50.37677860037424,-0.0024880190290478736,,,
2785,1642612340.55668,47.597874602238036,-0.024011929644073872,47.143100545531766,-9.738377482913235,50.38213709072561,-0.0024880703559261234,,,
2786,1642612340.5607436,47.57743636234632,-0.021261878317195622,47.12276082382177,-9.7357031458498,50.38688188098209,-0.002488121682804373,,,
2787,1642612340.565175,47.55519303578812,-0.01663682699031738,47.10664982542225,-9.73249942506175,50.39059454707042,-0.0024881730096826234,,,
2788,1642612340.568587,47.53812637272521,-0.012386775663439126,47.08627227336674,-9.687848008510946,50.39335877380526,-0.002488224336560873,,,
2789,1642612340.571836,47.521875417686545,-0.01763672433656088,47.06787574892529,-9.633167210859659,50.39729457649118,-0.0024882756634391234,,,
2790,1642612340.5759463,47.501315759297576,-0.02201167300968262,47.04660649784417,-9.629294010980045,50.40220669056065,-0.002488326990317373,,,
2791,1642612340.5812368,47.474852950733116,-0.021136621682804384,47.030333563766895,-9.626369866083698,50.406923528608516,-0.0024883783171956234,,,
2792,1642612340.5838485,47.46178969678922,-0.01913657035592613,47.00975880910236,-9.623770404637295,50.41119403619081,-0.002488429644073873,,,
2793,1642612340.5871086,47.44548269163778,-0.013636519029047878,46.991672069950845,-9.619672461772412,50.41423715503742,-0.002488480970952123,,,
2794,1642612340.59122,47.42491826302644,-0.014261467702169614,46.974423022353356,-9.615100006798784,50.41741973712104,-0.002488532297830373,,,
2795,1642612340.5944579,47.408722165544965,-0.020886416375291383,46.9541048256434,-9.61090218500206,50.422080739476144,-0.002488583624708623,,,
2796,1642612340.599022,47.38586687499684,-0.023761365048413124,46.933542003906986,-9.604379313085962,50.427383313956184,-0.002488634951586873,,,
2797,1642612340.6022847,47.36952159339213,-0.021386313721534884,46.91513768696817,-9.59780825998776,50.432155873156006,-0.002488686278465123,,,
2798,1642612340.6063623,47.34909387316667,-0.014511262394656613,46.89800229105314,-9.593888131479952,50.435394199299736,-0.002488737605343373,,,
2799,1642612340.6095977,47.33288594686956,-0.012386211067778376,46.877209098937136,-9.589169416397377,50.43815830003968,-0.002488788932221623,,,
2800,1642612340.6140344,47.3106594693115,-0.02026115974090012,46.86098128549444,-9.584750185363706,50.442679770433294,-0.0024888402590998726,,,
2801,1642612340.6174762,47.29341719782845,-0.02351110841402187,46.83446077030307,-9.58085504374676,50.447926497766495,-0.002488891585978123,,,
2802,1642612340.6215465,47.27302650381634,-0.021761057087143622,46.82132709657852,-9.578357456819237,50.45278268451057,-0.0024889429128563726,,,
2803,1642612340.624853,47.25646264811344,-0.01688600576026538,46.800859917640075,-9.575460581732072,50.45655095721004,-0.002488994239734623,,,
2804,1642612340.6311014,47.225242047644734,-0.010760954433387138,46.78453418082536,-9.571141216294906,50.45895236648275,-0.0024890455666128726,,,
2805,1642612340.6330686,47.21548772949134,-0.016635903106508882,46.76409924494844,-9.582705073045194,50.46266482639762,-0.0024890968934911223,,,
2806,1642612340.636382,47.19905753755147,-0.023885851779630637,46.74605426538833,-9.598015287121008,50.46799518127508,-0.0024891482203693725,,,
2807,1642612340.6405015,47.17863151536576,-0.022885800452752385,46.724882216312196,-9.595082661371016,50.4731023651927,-0.0024891995472476223,,,
2808,1642612340.644997,47.15634116646474,-0.018010749125874116,46.7086965149561,-9.592350435515048,50.47712163506574,-0.0024892508741258725,,,
2809,1642612340.6476672,47.143100545531766,-0.013260697798995892,46.68818360132185,-9.588215492681963,50.48008088583241,-0.0024893022010041223,,,
2810,1642612340.6517692,47.12276082382177,-0.01588564647211763,46.670204908790836,-9.583429293913186,50.48362591884757,-0.0024893535278823725,,,
2811,1642612340.6550183,47.10664982542225,-0.022135595145239384,46.64900311533556,-9.579344469057121,50.488565687319564,-0.0024894048547606223,,,
2812,1642612340.659128,47.08627227336674,-0.022135543818361136,46.63268891826156,-9.576236553826764,50.49350544433748,-0.002489456181638872,,,
2813,1642612340.6628227,47.06787574892529,-0.019385492491482883,46.6122390627111,-9.561513419821047,50.497831501260514,-0.0024895075085171223,,,
2814,1642612340.6670723,47.04660649784417,-0.01463544116460463,46.594109835995624,-9.542912197178245,50.50109753907717,-0.002489558835395372,,,
2815,1642612340.6703236,47.030333563766895,-0.013010389837726392,46.576999904288584,-9.538314475630335,50.50400093124291,-0.0024896101622736222,,,
2816,1642612340.6744344,47.00975880910236,-0.02051033851084812,46.55649304262548,-9.534041473345784,50.50857800824767,-0.002489661489151872,,,
2817,1642612340.6780481,46.991672069950845,-0.022885287183969885,46.53604225953911,-9.53051780979635,50.51368507762449,-0.0024897128160301218,,,
2818,1642612340.6814945,46.974423022353356,-0.021010235857091622,46.513799348319964,-9.527968283519545,50.518373711473956,-0.002489764142908372,,,
2819,1642612340.685554,46.9541048256434,-0.01663518453021338,46.50070201775175,-9.524569528562518,50.5220860110317,-0.0024898154697866218,,,
2820,1642612340.6896625,46.933542003906986,-0.012885133203335128,46.480272711567096,-9.519921903063455,50.524961450988826,-0.002489866796664872,,,
2821,1642612340.6933384,46.91513768696817,-0.019635081876456885,46.45947949121434,-9.524222455234671,50.529343206155644,-0.0024899181235431217,,,
2822,1642612340.6967595,46.89800229105314,-0.023635030549578637,46.43726707221442,-9.535565120019657,50.53461758789137,-0.002489969450421372,,,
2823,1642612340.7009108,46.877209098937136,-0.022134979222700385,46.424296034910114,-9.532683573492614,50.539557218914396,-0.0024900207772996217,,,
2824,1642612340.7041507,46.86098128549444,-0.01950992789582212,46.40396653135638,-9.529676829251954,50.54391104478076,-0.0024900721041778715,,,
2825,1642612340.7094455,46.83446077030307,-0.012509876568943892,46.3875929621085,-9.524967266580587,50.54670274265282,-0.0024901234310561217,,,
2826,1642612340.7120676,46.82132709657852,-0.014509825242065616,46.36729559159515,-9.520232672597139,50.54994074808229,-0.0024901747579343715,,,
2827,1642612340.7161539,46.800859917640075,-0.021634773915187387,46.349180887603154,-9.516149170454383,50.55476875353612,-0.0024902260848126217,,,
2828,1642612340.7194133,46.78453418082536,-0.022384722588309137,46.327804084955204,-9.513017259357042,50.55976411716518,-0.0024902774116908714,,,
2829,1642612340.723493,46.76409924494844,-0.020634671261430884,46.31155904786889,-9.510286024116354,50.5643689402051,-0.0024903287385691216,,,
2830,1642612340.7271018,46.74605426538833,-0.01463461993455263,46.291089111027524,-9.474177674817755,50.56763479475647,-0.0024903800654473714,,,
2831,1642612340.7313445,46.724882216312196,-0.01363456860767438,46.27295114865022,-9.430639186946598,50.57067747834802,-0.002490431392325621,,,
2832,1642612340.734588,46.7086965149561,-0.020634517280796134,46.25564437970573,-9.42651181826238,50.57528226702569,-0.0024904827192038714,,,
2833,1642612340.7386985,46.68818360132185,-0.02388446595391789,46.235209130183655,-9.423080362861185,50.58061231264296,-0.002490534046082121,,,
2834,1642612340.7423012,46.670204908790836,-0.020384414627039635,46.2143925633662,-9.420319967056527,50.58516128853605,-0.0024905853729603714,,,
2835,1642612340.7465498,46.64900311533556,-0.015509363300161366,46.19616127984703,-9.416764263658443,50.58862235038454,-0.002490636699838621,,,
2836,1642612340.749819,46.63268891826156,-0.012259311973283142,46.178805347351876,-9.412214423215138,50.591358132385274,-0.002490688026716871,,,
2837,1642612340.753917,46.6122390627111,-0.01850926064640487,46.15791563476392,-9.408087105558103,50.59548864984284,-0.002490739353595121,,,
2838,1642612340.7575452,46.594109835995624,-0.023009209319526623,46.13763626967078,-9.42832623873249,50.600623373622184,-0.002490790680473371,,,
2839,1642612340.7609642,46.576999904288584,-0.021384157992648388,46.115348132366854,-9.466784438714706,50.60539545175061,-0.002490842007351621,,,
2840,1642612340.7650619,46.55649304262548,-0.017634106665770134,46.10199070141437,-9.464030158438833,50.6093306702784,-0.002490893334229871,,,
2841,1642612340.7691483,46.53604225953911,-0.012759055338891892,46.081462702365876,-9.459849492716604,50.612177974761615,-0.002490944661108121,,,
2842,1642612340.773593,46.513799348319964,-0.01700900401201362,46.06526014814792,-9.455143323063634,50.61597369569016,-0.002490995987986371,,,
2843,1642612340.77621,46.50070201775175,-0.023258952685135375,46.04480122283295,-9.45101272686697,50.62116415207553,-0.0024910473148646206,,,
2844,1642612340.7802923,46.480272711567096,-0.023383901358257138,46.026884925467655,-9.447808046939892,50.62638249194504,-0.002491098641742871,,,
2845,1642612340.7844472,46.45947949121434,-0.020258850031378874,46.005417285457895,-9.444928695607834,50.630903446905016,-0.0024911499686211206,,,
2846,1642612340.78889,46.43726707221442,-0.014383798704500631,45.98909682952237,-9.44067300780998,50.634113328314655,-0.002491201295499371,,,
2847,1642612340.7914884,46.424296034910114,-0.015008747377622367,45.96847712913798,-9.429051573094775,50.637462672961306,-0.0024912526223776206,,,
2848,1642612340.795561,46.40396653135638,-0.023508696050744127,45.95028177573091,-9.416274832770874,50.64270886195271,-0.0024913039492558704,,,
2849,1642612340.7988412,46.3875929621085,-0.02363364472386589,45.93334877184284,-9.41285061547398,50.64798293442825,-0.0024913552761341206,,,
2850,1642612340.8029075,46.36729559159515,-0.020383593396987636,45.912982644658555,-9.410350794135395,50.652531727056044,-0.0024914066030123703,,,
2851,1642612340.8065364,46.349180887603154,-0.01563354207010938,45.89263918229103,-9.406576829788039,50.65602050057746,-0.0024914579298906205,,,
2852,1642612340.810819,46.327804084955204,-0.013633490743231131,45.87031672355504,-9.401728589603842,50.6590629436333,-0.0024915092567688703,,,
2853,1642612340.8140733,46.31155904786889,-0.01975843941635287,45.857330976438064,-9.397055243466669,50.66347222720776,-0.0024915605836471205,,,
2854,1642612340.8181741,46.291089111027524,-0.021883388089474636,45.837086523533216,-9.393306293291277,50.66835571327785,-0.0024916119105253703,,,
2855,1642612340.8217955,46.27295114865022,-0.020758336762596374,45.816836106202906,-9.408980174748601,50.672988133449884,-0.00249166323740362,,,
2856,1642612340.8252366,46.25564437970573,-0.01725828543571812,45.794544561455986,-9.437063756895203,50.67683948389774,-0.0024917145642818703,,,
2857,1642612340.8292997,46.235209130183655,-0.013883234108839881,45.78145452778639,-9.43269241980162,50.67993765955961,-0.00249176589116012,,,
2858,1642612340.8334386,46.2143925633662,-0.017883182781961635,45.761192328084775,-9.428044833719339,50.683928461790394,-0.0024918172180383702,,,
2859,1642612340.8370636,46.19616127984703,-0.02288313145508339,45.7409253817478,-9.424200921381864,50.68903505009582,-0.00249186854491662,,,
2860,1642612340.8405144,46.178805347351876,-0.020758080128205122,45.72412822586046,-9.421361598646024,50.693667412997456,-0.0024919198717948702,,,
2861,1642612340.844668,46.15791563476392,-0.01725802880132687,45.70610525139088,-9.418547400703783,50.697518706174904,-0.00249197119867312,,,
2862,1642612340.8487,46.13763626967078,-0.012507977474448644,45.68455434018848,-9.414025428284907,50.700309980245976,-0.0024920225255513698,,,
2863,1642612340.8531427,46.115348132366854,-0.013757926147570366,45.66836356696864,-9.409126748941022,50.70338019224515,-0.00249207385242962,,,
2864,1642612340.8558168,46.10199070141437,-0.02088287482069214,45.647988634677176,-9.39489940103935,50.70804040426868,-0.0024921251793078697,,,
2865,1642612340.8599265,46.081462702365876,-0.023507823493813876,45.62995278835356,-9.37921406028407,50.71328639854071,-0.00249217650618612,,,
2866,1642612340.8631701,46.06526014814792,-0.020632772166935636,45.60865973630449,-9.37640645403954,50.717890797779646,-0.0024922278330643697,,,
2867,1642612340.867266,46.04480122283295,-0.016007720840057367,45.59243957370851,-9.372446276760305,50.721463072850426,-0.00249227915994262,,,
2868,1642612340.8708527,46.026884925467655,-0.014382669513179132,45.57174599089375,-9.36773442629945,50.72467270227029,-0.0024923304868208697,,,
2869,1642612340.8751504,46.005417285457895,-0.021257618186300873,45.55368103309455,-9.363623932905485,50.72941654183807,-0.0024923818136991195,,,
2870,1642612340.8784177,45.98909682952237,-0.023132566859422637,45.5365390676085,-9.360365357730654,50.73457879402504,-0.0024924331405773697,,,
2871,1642612340.8825457,45.96847712913798,-0.02138251553254439,45.516280813642474,-9.357883532431668,50.73935050562288,-0.0024924844674556195,,,
2872,1642612340.8861856,45.95028177573091,-0.017132464205666133,45.49574185582863,-9.342299999220582,50.74317377786722,-0.0024925357943338697,,,
2873,1642612340.88957,45.93334877184284,-0.012507412878787894,45.4775246823565,-9.32282708375716,50.745964925943404,-0.0024925871212121194,,,
2874,1642612340.8936405,45.912982644658555,-0.018882361551909636,45.46037691208224,-9.318178949207498,50.75017870441464,-0.002492638448090369,,,
2875,1642612340.8977065,45.89263918229103,-0.024257310225031376,45.440010728994075,-9.314030491489323,50.75559195377517,-0.0024926897749686194,,,
2876,1642612340.902168,45.87031672355504,-0.023382258898153138,45.42363595038157,-9.310956327170237,50.760809927114096,-0.002492741101846869,,,
2877,1642612340.9047635,45.857330976438064,-0.018757207571274873,45.397345883663355,-9.30775725646398,50.76499577628487,-0.0024927924287251194,,,
2878,1642612340.9088097,45.837086523533216,-0.01188215624439663,45.3840690361397,-9.303109162948072,50.76764739239956,-0.002492843755603369,,,
2879,1642612340.912857,45.816836106202906,-0.01563210491751838,45.36365513751686,-9.298211246395203,50.771135845206715,-0.002492895082481619,,,
2880,1642612340.917321,45.794544561455986,-0.021757053590640126,45.34546239703319,-9.293912939999247,50.77599113853248,-0.002492946409359869,,,
2881,1642612340.919951,45.78145452778639,-0.02313200226376189,45.32802117622067,-9.280514395504175,50.781153264724566,-0.002492997736238119,,,
2882,1642612340.924022,45.761192328084775,-0.019131950936883635,45.30903528393683,-9.26444714535958,50.78542274143959,-0.002493049063116369,,,
2883,1642612340.928094,45.7409253817478,-0.014131899610005383,45.287734464747025,-9.260857775767237,50.7885764091718,-0.002493100389994619,,,
2884,1642612340.9314687,45.72412822586046,-0.014006848283127118,45.271249950940565,-9.255922830339797,50.79170217051172,-0.002493151716872869,,,
2885,1642612340.9350898,45.70610525139088,-0.022506796956248874,45.2507839420705,-9.251411505570807,50.79672477619639,-0.002493203043751119,,,
2886,1642612340.9394197,45.68455434018848,-0.024381745629370642,45.22868060465069,-9.247697575368214,50.802165794500254,-0.0024932543706293686,,,
2887,1642612340.9426727,45.66836356696864,-0.022006694302492375,45.214540257358095,-9.245254486690127,50.80707679752389,-0.002493305697507619,,,
2888,1642612340.9467664,45.647988634677176,-0.018131642975614135,45.193893651986194,-9.241864514342621,50.81112304600868,-0.0024933570243858686,,,
2889,1642612340.9503863,45.62995278835356,-0.014006591648735868,45.173334354856905,-9.246694542939053,50.81424875007819,-0.002493408351264119,,,
2890,1642612340.9546545,45.60865973630449,-0.019756540321857623,45.15463680487285,-9.254296204777395,50.81865760985166,-0.0024934596781423686,,,
2891,1642612340.9579058,45.59243957370851,-0.023506488994979376,45.13732880777877,-9.250423880667409,50.82390330631759,-0.002493511005020619,,,
2892,1642612340.9620538,45.57174599089375,-0.020506437668101125,45.116490003142374,-9.247800361466256,50.82847951281221,-0.0024935623318988686,,,
2893,1642612340.9656749,45.55368103309455,-0.01625638634122287,45.10011034949808,-9.244877141809273,50.83210727995332,-0.0024936136587771184,,,
2894,1642612340.969111,45.5365390676085,-0.01238133501434463,45.07776567155367,-9.240405427028392,50.83487029255559,-0.0024936649856553686,,,
2895,1642612340.9731717,45.516280813642474,-0.016881283687466386,45.06016294331294,-9.235783867143237,50.83863751147964,-0.0024937163125336183,,,
2896,1642612340.9772887,45.49574185582863,-0.022506232360588126,45.04365203288269,-9.231561931803062,50.84365999116942,-0.0024937676394118685,,,
2897,1642612340.9809356,45.4775246823565,-0.023256181033709876,45.02310079993189,-9.228438946019981,50.848849829034435,-0.0024938189662901183,,,
2898,1642612340.9843628,45.46037691208224,-0.020756129706831626,45.00668296249532,-9.254513541813816,50.853481756681,-0.0024938702931683685,,,
2899,1642612340.9884334,45.440010728994075,-0.015381078379953384,44.98368382798006,-9.260302705514942,50.856914190530105,-0.0024939216200466183,,,
2900,1642612340.9917061,45.42363595038157,-0.01600602705307512,44.967317460073225,-9.255586363575526,50.860486087616216,-0.002493972946924868,,,
2901,1642612340.9969606,45.397345883663355,-0.02325597572619688,44.94684108297591,-9.251246258222364,50.865675879664906,-0.0024940242738031183,,,
2902,1642612340.9996142,45.3840690361397,-0.02450592439931863,44.93053887826546,-9.247909433262056,50.87114460964169,-0.002494075600681368,,,
2903,1642612341.0036943,45.36365513751686,-0.021505873072440375,44.90771341525614,-9.245400316437166,50.875943849647165,-0.0024941269275596182,,,
2904,1642612341.0073304,45.34546239703319,-0.01475582174556212,44.891520525621004,-9.241511713526803,50.87923675153477,-0.002494178254437868,,,
2905,1642612341.0108163,45.32802117622067,-0.011630770418683881,44.871318624419324,-9.236695096068127,50.881832268512845,-0.002494229581316118,,,
2906,1642612341.0146067,45.30903528393683,-0.018005719091805622,44.85496295037855,-9.225693147251642,50.88585041588597,-0.002494280908194368,,,
2907,1642612341.018853,45.287734464747025,-0.02475566776492738,44.83661963793696,-9.214081684059911,50.89137487846879,-0.0024943322350726178,,,
2908,1642612341.022139,45.271249950940565,-0.02263061643804914,44.81488874526251,-9.211626655060941,50.896425115647816,-0.002494383561950868,,,
2909,1642612341.026219,45.2507839420705,-0.018630565111170887,44.798635798863,-9.208395326648727,50.900582703349784,-0.0024944348888291177,,,
2910,1642612341.030625,45.22868060465069,-0.012255513784292646,44.77816639283888,-9.203661473628326,50.90331763774854,-0.002494486215707368,,,
2911,1642612341.033444,45.214540257358095,-0.017005462457414373,44.755883302234466,-9.199102926633858,50.90711256834552,-0.0024945375425856177,,,
2912,1642612341.0375597,45.193893651986194,-0.02213041113053614,44.7386628193758,-9.194945065889055,50.912051179955355,-0.0024945888694638675,,,
2913,1642612341.0416582,45.173334354856905,-0.02263035980365789,44.722484848126264,-9.191989243337975,50.91710135986398,-0.0024946401963421177,,,
2914,1642612341.0453892,45.15463680487285,-0.01938030847677964,44.701870252129176,-9.182985895770507,50.92142625992486,-0.0024946915232203675,,,
2915,1642612341.0488474,45.13732880777877,-0.013130257149901382,44.679837869675886,-9.168376391835661,50.92435640162074,-0.0024947428500986177,,,
2916,1642612341.0530112,45.116490003142374,-0.014630205823023134,44.66687366787271,-9.164001053800655,50.92762127112116,-0.0024947941769768675,,,
2917,1642612341.056284,45.10011034949808,-0.022380154496144892,44.64647478127602,-9.16020066466013,50.93261561533703,-0.0024948455038551172,,,
2918,1642612341.0607486,45.07776567155367,-0.02313010316926664,44.626151004548156,-9.157275192397917,50.93777731772812,-0.0024948968307333674,,,
2919,1642612341.0642657,45.06016294331294,-0.02113005184238839,44.60972936433876,-9.1544997143854,50.94249268965365,-0.002494948157611617,,,
2920,1642612341.0675647,45.04365203288269,-0.015630000515510136,44.58646557274547,-9.150524374720579,50.94598067284349,-0.0024949994844898674,,,
2921,1642612341.071671,45.02310079993189,-0.01450494918863187,44.57009758244238,-9.145724133362352,50.94921759013529,-0.002495050811368117,,,
2922,1642612341.0749514,45.00668296249532,-0.02162989786175364,44.54957232051084,-9.140848910279248,50.95404450745144,-0.0024951021382463674,,,
2923,1642612341.0795612,44.98368382798006,-0.02350484653487538,44.53321267574873,-9.13227033924996,50.95928983738679,-0.002495153465124617,,,
2924,1642612341.0828452,44.967317460073225,-0.02162979520799714,44.51443160481046,-9.123762308228274,50.96411673179479,-0.002495204792002867,,,
2925,1642612341.0869539,44.94684108297591,-0.016629743881118885,44.49307428360567,-9.12051573601896,50.96782781721997,-0.002495256118881117,,,
2926,1642612341.090225,44.93053887826546,-0.012504692554240646,44.47680056107138,-9.116070702516858,50.97061835822987,-0.002495307445759367,,,
2927,1642612341.094805,44.90771341525614,-0.01937964122736239,44.45619879702988,-9.111700583732262,50.974943109387695,-0.002495358772637617,,,
2928,1642612341.0980542,44.891520525621004,-0.024004589900484128,44.438107201573494,-9.108079519927111,50.980299961805514,-0.002495410099515867,,,
2929,1642612341.1021078,44.871318624419324,-0.02262953857360589,44.42096452862077,-9.105307383711468,50.98534995844885,-0.002495461426394117,,,
2930,1642612341.1053896,44.85496295037855,-0.017629487246727638,44.40056209798569,-9.102085830922352,50.98928414610938,-0.002495512753272367,,,
2931,1642612341.1090677,44.83661963793696,-0.012254435919849396,44.380194282133765,-9.100595139539703,50.99201883997244,-0.0024955640801506166,,,
2932,1642612341.1134212,44.81488874526251,-0.016129384592971134,44.35790204111524,-9.101246384236855,50.995618265466184,-0.002495615407028867,,,
2933,1642612341.1166773,44.798635798863,-0.023629333266092893,44.34493776746964,-9.09719695337641,51.00089137579894,-0.0024956667339071166,,,
2934,1642612341.120778,44.77816639283888,-0.022754281939214627,44.324348993668586,-9.094097251419804,51.005969210110095,-0.002495718060785367,,,
2935,1642612341.1252422,44.755883302234466,-0.020754230612336375,44.30395816591474,-9.091447426439634,51.01060071395567,-0.0024957693876636166,,,
2936,1642612341.1286922,44.7386628193758,-0.014754179285458122,44.2876001907611,-9.08747300416148,51.013893249312694,-0.002495820714541867,,,
2937,1642612341.1319332,44.722484848126264,-0.014379127958579884,44.269287796502866,-9.08274881426736,51.01710208840098,-0.0024958720414201166,,,
2938,1642612341.136063,44.701870252129176,-0.021254076631701625,44.24766040217704,-9.078774412512356,51.02184513763719,-0.0024959233682983663,,,
2939,1642612341.140474,44.679837869675886,-0.021879025304823392,44.23126069141104,-9.07549981369568,51.02672765011041,-0.0024959746951766166,,,
2940,1642612341.1430666,44.66687366787271,-0.019003973977945125,44.21065403091898,-9.070440937331211,51.03096856755053,-0.0024960260220548663,,,
2941,1642612341.147146,44.64647478127602,-0.014628922651066885,44.192481839448654,-9.063379101212393,51.03423315069893,-0.0024960773489331165,,,
2942,1642612341.1512103,44.626151004548156,-0.013878871324188635,44.1711639141443,-9.058408229503314,51.03733035276394,-0.0024961286758113663,,,
2943,1642612341.1544943,44.60972936433876,-0.01987881999731039,44.15461883677555,-9.053886946004372,51.041766500409345,-0.002496180002689616,,,
2944,1642612341.1591465,44.58646557274547,-0.024003768670432128,44.13418388833928,-9.050189899013533,51.04712316956187,-0.0024962313295678663,,,
2945,1642612341.1624198,44.57009758244238,-0.024378717343553895,44.115822742331034,-9.047591830607445,51.05256351207497,-0.002496282656446116,,,
2946,1642612341.1665244,44.54957232051084,-0.01962866601667564,44.09869299109017,-9.044369358635668,51.05694383548169,-0.0024963339833243663,,,
2947,1642612341.169796,44.53321267574873,-0.012503614689797398,44.07824133768613,-9.039698256838408,51.0597341359559,-0.002496385310202616,,,
2948,1642612341.17355,44.51443160481046,-0.016253563362919124,44.057762240406454,-9.047249416769272,51.06336127312257,-0.002496436637080866,,,
2949,1642612341.177816,44.49307428360567,-0.022253512036040878,44.03551348421211,-9.064883447936747,51.068327355869634,-0.002496487963959116,,,
2950,1642612341.1810665,44.47680056107138,-0.02187846070916264,44.022436559141816,-9.062175291541822,51.07320974234796,-0.002496539290837366,,,
2951,1642612341.1851816,44.45619879702988,-0.01812840938228439,44.00180066974809,-9.05946714544498,51.07725526922567,-0.002496590617715616,,,
2952,1642612341.1887953,44.438107201573494,-0.013878358055406135,43.98556654869682,-9.055279803675191,51.08035235674987,-0.0024966419445938658,,,
2953,1642612341.1922195,44.42096452862077,-0.016128306728527886,43.9630762821456,-9.050666260311864,51.083951541707926,-0.002496693271472116,,,
2954,1642612341.1962948,44.40056209798569,-0.023878255401649645,43.945951822318065,-9.04667950943396,51.08928020138142,-0.0024967445983503657,,,
2955,1642612341.2003632,44.380194282133765,-0.024878204074771395,43.92558457987152,-9.043570263913248,51.09483200910658,-0.0024967959252286155,,,
2956,1642612341.2048175,44.35790204111524,-0.020253152747893126,43.90935283622686,-9.04091231186599,51.09935169266359,-0.0024968472521068657,,,
2957,1642612341.2074096,44.34493776746964,-0.015503101421014872,43.88896895193403,-8.998601284120266,51.10281135711423,-0.0024968985789851155,,,
2958,1642612341.2115262,44.324348993668586,-0.013253050094136649,43.870882305194954,-8.948380510798755,51.10576890122285,-0.0024969499058633657,,,
2959,1642612341.215603,44.30395816591474,-0.01987799876725839,43.849415015920506,-8.94420721976401,51.11020486560297,-0.0024970012327416155,,,
2960,1642612341.2188737,44.2876001907611,-0.023627947440380145,43.833068584606224,-8.940729427219885,51.115477666675545,-0.0024970525596198657,,,
2961,1642612341.2225351,44.269287796502866,-0.01987789611350189,43.81228519623086,-8.938145844102095,51.11991360814749,-0.0024971038864981154,,,
2962,1642612341.2268593,44.24766040217704,-0.016377844786623637,43.794136626056186,-8.93496613836101,51.123568479895255,-0.0024971552133763652,,,
2963,1642612341.2301383,44.23126069141104,-0.012127793459745384,43.77689392461626,-8.930445143982643,51.12627491228951,-0.0024972065402546154,,,
2964,1642612341.2342584,44.21065403091898,-0.01937774213286714,43.75628811050943,-8.92599867640328,51.130599239646344,-0.002497257867132865,,,
2965,1642612341.2378907,44.192481839448654,-0.024877690805988895,43.73565829987982,-8.956079986002853,51.1361509328307,-0.0024973091940111154,,,
2966,1642612341.2421503,44.1711639141443,-0.022627639479110645,43.71729505383449,-8.99529234713313,51.14120050567305,-0.002497360520889365,,,
2967,1642612341.2454562,44.15461883677555,-0.018502588152232376,43.70026527825863,-8.992611749196778,51.145329534100114,-0.0024974118477676154,,,
2968,1642612341.2495394,44.13418388833928,-0.013002536825354148,43.679801945863424,-8.988177683891179,51.148231173791494,-0.002497463174645865,,,
2969,1642612341.2532082,44.115822742331034,-0.01612748549847589,43.65956228245022,-8.98341798301965,51.15183017548426,-0.002497514501524115,,,
2970,1642612341.256631,44.09869299109017,-0.023377434171597645,43.63744760671987,-8.97925948477728,51.157047072139584,-0.002497565828402365,,,
2971,1642612341.2607174,44.07824133768613,-0.02500238284471938,43.62448432359324,-8.976052884685695,51.16262659153767,-0.002497617155280615,,,
2972,1642612341.2648094,44.057762240406454,-0.02037733151784114,43.60409832355883,-8.973572735625098,51.16717398676761,-0.002497668482158865,,,
2973,1642612341.2692611,44.03551348421211,-0.0135022801909629,43.58772527818541,-8.969764963771308,51.17018714894146,-0.002497719809037115,,,
2974,1642612341.271884,44.022436559141816,-0.013502228864084649,43.56735236516591,-8.962660817373187,51.17320029966123,-0.0024977711359153647,,,
2975,1642612341.276023,44.00180066974809,-0.02087717753720639,43.549383014591044,-8.955496653485003,51.1778592402818,-0.002497822462793615,,,
2976,1642612341.279279,43.98556654869682,-0.02300212621032813,43.52823127956811,-8.951991406675498,51.18299238339799,-0.0024978737896718646,,,
2977,1642612341.2837899,43.9630762821456,-0.01987707488344989,43.5120469704133,-8.949387470620353,51.18742814160465,-0.002497925116550115,,,
2978,1642612341.2872245,43.945951822318065,-0.015502023556571624,43.4916939755671,-8.945882244371315,51.19088756551959,-0.0024979764434283646,,,
2979,1642612341.2913096,43.92558457987152,-0.013251972229693399,43.47375743758941,-8.941325511184322,51.193844869092516,-0.002498027770306615,,,
2980,1642612341.2945652,43.90935283622686,-0.02012692090281514,43.45239857769204,-8.936693679903009,51.198336382813366,-0.0024980790971848646,,,
2981,1642612341.2986536,43.88896895193403,-0.02375186957593688,43.43615594026799,-8.932637689760071,51.20363683828847,-0.0024981304240631144,,,
2982,1642612341.302266,43.870882305194954,-0.02100181824905863,43.41552796929537,-8.926388119214604,51.20832359366869,-0.0024981817509413646,,,
2983,1642612341.3065317,43.849415015920506,-0.017501766922180376,43.397323715919846,-8.919422619329527,51.21222927932471,-0.0024982330778196143,,,
2984,1642612341.30978,43.833068584606224,-0.013001715595302148,43.380266565729784,-8.91491986250592,51.215130735750805,-0.0024982844046978646,,,
2985,1642612341.3139098,43.81228519623086,-0.016001664268423876,43.359894964758915,-8.909891806815537,51.218701659240054,-0.0024983357315761143,,,
2986,1642612341.317516,43.794136626056186,-0.02275161294154563,43.339232664294684,-8.905314026377095,51.223778897939,-0.002498387058454364,,,
2987,1642612341.3209424,43.77689392461626,-0.022376561614667393,43.321158065877874,-8.901786874480866,51.22877244036921,-0.0024984383853326143,,,
2988,1642612341.325037,43.75628811050943,-0.01900151028778913,43.303961522897964,-8.899135248081173,51.233012808013456,-0.002498489712210864,,,
2989,1642612341.3291364,43.73565829987982,-0.0132514589609109,43.283586347752994,-8.894932719267553,51.23596999704558,-0.0024985410390891143,,,
2990,1642612341.3327992,43.71729505383449,-0.013376407634032635,43.26310394738507,-8.884934570503889,51.23895506956184,-0.002498592365967364,,,
2991,1642612341.336212,43.70026527825863,-0.022126356307154392,43.24096856346362,-8.871825114652943,51.24389277629929,-0.0024986436928456143,,,
2992,1642612341.3403127,43.679801945863424,-0.023751304980276132,43.22803433567232,-8.868278367124883,51.249193105779504,-0.002498695019723864,,,
2993,1642612341.3443687,43.65956228245022,-0.020751253653397878,43.20744576551191,-8.866130337376802,51.253823945288396,-0.002498746346602114,,,
2994,1642612341.3488004,43.63744760671987,-0.016001202326519623,43.187102993407315,-8.863058171843138,51.25739476569092,-0.002498797673480364,,,
2995,1642612341.3513982,43.62448432359324,-0.012376150999641386,43.17072162686242,-8.858562332115442,51.26015662143103,-0.0024988490003586138,,,
2996,1642612341.3554835,43.60409832355883,-0.019001099672763127,43.14850553947809,-8.853442079639317,51.26439689744262,-0.002498900327236864,,,
2997,1642612341.3587646,43.58772527818541,-0.024376048345884894,43.130203129875625,-8.849071145022258,51.26983664434352,-0.0024989516541151138,,,
2998,1642612341.3628473,43.56735236516591,-0.022625997019006645,43.11369409152503,-8.846248789713188,51.27488585065528,-0.002499002980993364,,,
2999,1642612341.3664474,43.549383014591044,-0.017500945692128376,43.093241545531434,-8.862142033203776,51.27879135304602,-0.0024990543078716137,,,
3000,1642612341.370684,43.52823127956811,-0.01300089436525015,43.074916079979076,-8.880812567606274,51.28169262620681,-0.0024991056347498635,,,
3001,1642612341.3739254,43.5120469704133,-0.017500843038371877,43.05792242352738,-8.875517398844018,51.28559810568939,-0.0024991569616281137,,,
3002,1642612341.378002,43.4916939755671,-0.02275079171149363,43.037448095722795,-8.870623774905951,51.29067516112304,-0.0024992082885063635,,,
3003,1642612341.3815944,43.47375743758941,-0.023125740384615394,43.01699989373525,-8.867511970718803,51.29583588991727,-0.0024992596153846137,,,
3004,1642612341.3858724,43.45239857769204,-0.02025068905773713,42.99894101647034,-8.865504396774192,51.3003550236784,-0.0024993109422628635,,,
3005,1642612341.3891256,43.43615594026799,-0.014000637730858873,42.98191529651591,-8.862091462302452,51.30347939907454,-0.0024993622691411132,,,
3006,1642612341.3932571,43.41552796929537,-0.013875586403980638,42.96154784705378,-8.857172783681648,51.30657586807838,-0.0024994135960193634,,,
3007,1642612341.3969018,43.397323715919846,-0.022500535077102382,42.94524652475383,-8.843962589015947,51.3115970763652,-0.0024994649228976132,,,
3008,1642612341.4003153,43.380266565729784,-0.025125483750224147,42.9186406771965,-8.822107054838142,51.317204066900516,-0.0024995162497758634,,,
3009,1642612341.404392,43.359894964758915,-0.022875432423345894,42.90534408163872,-8.819880208352988,51.32230893709382,-0.002499567576654113,,,
3010,1642612341.408527,43.339232664294684,-0.017625381096467642,42.88900560995638,-8.816927721679606,51.32624220842789,-0.0024996189035323634,,,
3011,1642612341.412144,43.321158065877874,-0.0132503297695894,42.86853547489264,-8.812123585486123,51.329199145470234,-0.002499670230410613,,,
3012,1642612341.4155853,43.303961522897964,-0.02100027844271113,42.84641696216391,-8.806944123121234,51.33388555722803,-0.002499721557288863,,,
3013,1642612341.4196627,43.283586347752994,-0.025000227115832885,42.82930908876799,-8.802615433645135,51.33946459555472,-0.002499772884167113,,,
3014,1642612341.4237616,43.26310394738507,-0.023375175788954646,42.81294084147755,-8.800213481517769,51.3446809882305,-0.002499824211045363,,,
3015,1642612341.4281888,43.24096856346362,-0.017750124462076376,42.79270414718139,-8.79816185368819,51.34864209723238,-0.002499875537923613,,,
3016,1642612341.4307733,43.22803433567232,-0.010750073135198148,42.772337631233874,-8.776420485740998,51.35104107823996,-0.002499926864801863,,,
3017,1642612341.4348872,43.20744576551191,-0.01537502180831989,42.754134324145014,-8.7502621458989,51.354472160507534,-0.0024999781916801127,,,
3018,1642612341.438952,43.187102993407315,-0.02249997048144163,42.737084253781,-8.745404646029142,51.35949324279946,-0.002500029518558363,,,
3019,1642612341.4422252,43.17072162686242,-0.0256249191545634,42.71678017054931,-8.741967111453674,51.36521168709276,-0.0025000808454366127,,,
3020,1642612341.4466643,43.14850553947809,-0.021874867827685145,42.69607412102221,-8.739750250238005,51.370093271785436,-0.002500132172314863,,,
3021,1642612341.4503214,43.130203129875625,-0.014124816500806887,42.67726544811574,-8.735939063731285,51.3732453588545,-0.0025001834991931126,,,
3022,1642612341.4536202,43.11369409152503,-0.014624765173928638,42.660017983588794,-8.730981958808952,51.37650901422236,-0.002500234826071363,,,
3023,1642612341.457707,43.093241545531434,-0.023124713847050397,42.63960383815717,-8.726149421573131,51.38166951393497,-0.0025002861529496126,,,
3024,1642612341.4613764,43.074916079979076,-0.02637466252017215,42.62293180752337,-8.736820997650442,51.38755527058718,-0.0025003374798278624,,,
3025,1642612341.4647882,43.05792242352738,-0.0243746111932939,42.60063306519385,-8.759081624417556,51.39299469677381,-0.0025003888067061126,,,
3026,1642612341.4688988,43.037448095722795,-0.015499559866415626,42.58374057827451,-8.755904135810209,51.396453570892874,-0.0025004401335843624,,,
3027,1642612341.473004,43.01699989373525,-0.009999508539537398,42.56319875201083,-8.7511002177336,51.39868505627626,-0.0025004914604626126,,,
3028,1642612341.4766297,42.99894101647034,-0.01699945721265913,42.54687319901051,-8.746071110591531,51.40247864674578,-0.0025005427873408623,,,
3029,1642612341.480048,42.98191529651591,-0.024499405885780885,42.520184427460876,-8.741717611765115,51.4079459220543,-0.0025005941142191125,,,
3030,1642612341.484137,42.96154784705378,-0.025999354558902635,42.50713303694673,-8.739165717997642,51.41374792516737,-0.0025006454410973623,,,
3031,1642612341.4874098,42.94524652475383,-0.019624303232024395,42.49086108064045,-8.736613834508985,51.41812727497723,-0.002500696767975612,,,
3032,1642612341.4927466,42.9186406771965,-0.011124251905146137,42.4703121081509,-8.73216027790612,51.42060975753417,-0.0025007480948538623,,,
3033,1642612341.4954083,42.90534408163872,-0.014749200578267875,42.44991201536698,-8.71841330358571,51.42390118184536,-0.002500799421732112,,,
3034,1642612341.498679,42.88900560995638,-0.023999149251389632,42.431833216154146,-8.70260904802179,51.42925682013061,-0.0025008507486103623,,,
3035,1642612341.5027766,42.86853547489264,-0.0258740979245114,42.414183875706385,-8.699513722804785,51.43503087103506,-0.002500902075488612,,,
3036,1642612341.5072043,42.84641696216391,-0.021624046597633145,42.39382118045052,-8.69746696533248,51.439856482586,-0.0025009534023668623,,,
3037,1642612341.510629,42.82930908876799,-0.011998995270754901,42.37769504314185,-8.693697587944014,51.44253417244007,-0.002501004729245112,,,
3038,1642612341.5139055,42.81294084147755,-0.01024894394387665,42.354410089826054,-8.688704903736896,51.444821321705,-0.002501056056123362,,,
3039,1642612341.5179565,42.79270414718139,-0.02024889261699838,42.3380654994026,-8.68383705805063,51.4493400545733,-0.002501107383001612,,,
3040,1642612341.5220335,42.772337631233874,-0.024373841290120147,42.31766699216071,-8.680117642729119,51.45477930894872,-0.0025011587098798618,,,
3041,1642612341.52567,42.754134324145014,-0.0243737899632419,42.301343888928876,-8.687645506851885,51.460218551870064,-0.002501210036758112,,,
3042,1642612341.529068,42.737084253781,-0.017248738636363628,42.279251989441505,-8.701058581784404,51.46406777185889,-0.0025012613636363618,,,
3043,1642612341.5331144,42.71678017054931,-0.011123687309485387,42.26220137040845,-8.696350897808884,51.46655012842094,-0.0025013126905146115,,,
3044,1642612341.537241,42.69607412102221,-0.019123635982607145,42.24162947961947,-8.691718354707591,51.47081774957488,-0.0025013640173928617,,,
3045,1642612341.5409894,42.67726544811574,-0.0248735846557289,42.22540235502883,-8.687711910112961,51.47636852643277,-0.0025014153442711115,,,
3046,1642612341.5444267,42.660017983588794,-0.024248533328850633,42.1991493046039,-8.685358348734486,51.481779817145494,-0.0025014666711493617,,,
3047,1642612341.548495,42.63960383815717,-0.01849848200197238,42.18613642638458,-8.682353665874148,51.485907929246096,-0.0025015179980276115,,,
3048,1642612341.5518177,42.62293180752337,-0.010623430675094137,42.1658311002706,-8.677595946255774,51.48827864878487,-0.0025015693249058613,,,
3049,1642612341.556269,42.60063306519385,-0.01587337934821589,42.14904347584993,-8.672763106337717,51.49182094427473,-0.0025016206517841115,,,
3050,1642612341.5596504,42.58374057827451,-0.023998328021337636,42.12857154681408,-8.648756720430292,51.49717639929469,-0.0025016719786623612,,,
3051,1642612341.5637624,42.56319875201083,-0.0251232766944594,42.110293285847305,-8.621786168417065,51.50278289730453,-0.0025017233055406114,,,
3052,1642612341.5670304,42.54687319901051,-0.02174822536758113,42.09305993311085,-8.619120895422647,51.507636220528404,-0.002501774632418861,,,
3053,1642612341.572373,42.520184427460876,-0.012748174040702902,42.072672256006655,-8.614636866992987,51.51048109674648,-0.0025018259592971114,,,
3054,1642612341.5749855,42.50713303694673,-0.012748122713824653,42.05620804645126,-8.60965455683207,51.51332596151048,-0.002501877286175361,,,
3055,1642612341.5782428,42.49086108064045,-0.022248071386946382,42.0331241815864,-8.605170548858426,51.51829083012498,-0.002501928613053611,,,
3056,1642612341.5823562,42.4703121081509,-0.025498020060068134,42.01639083172659,-8.602206341611463,51.52398095567908,-0.002501979939931861,,,
3057,1642612341.5864398,42.44991201536698,-0.023747968733189885,41.995850043693665,-8.599939753336216,51.52928054064404,-0.002502031266810111,,,
3058,1642612341.5900552,42.431833216154146,-0.015497917406311627,41.97934516404782,-8.631631505729802,51.532739048232514,-0.002502082593688361,,,
3059,1642612341.5935802,42.414183875706385,-0.0102478660794334,41.96128397429091,-8.669309485130007,51.535025956961746,-0.002502133920566611,,,
3060,1642612341.5976472,42.39382118045052,-0.018872814752555145,41.94005859646545,-8.664382129404107,51.539237604973955,-0.002502185247444861,,,
3061,1642612341.600868,42.37769504314185,-0.024997763425676885,41.91981821271901,-8.660636506134296,51.54481609350477,-0.002502236574323111,,,
3062,1642612341.6055186,42.354410089826054,-0.024372712098798648,41.90354506745929,-8.658474903712024,51.55025509589042,-0.0025022879012013607,,,
3063,1642612341.608783,42.3380654994026,-0.018622660771920395,41.88143426174331,-8.655282447626325,51.554410919663944,-0.002502339228079611,,,
3064,1642612341.612857,42.31766699216071,-0.012622609445042138,41.864337324805,-8.650254561097073,51.55722777494892,-0.0025023905549578607,,,
3065,1642612341.6161172,42.301343888928876,-0.01799755811816388,41.84806892079236,-8.64507582674857,51.561244101123194,-0.002502441881836111,,,
3066,1642612341.6205347,42.279251989441505,-0.023497506791285636,41.827611624992414,-8.612192443918008,51.56648779312499,-0.0025024932087143606,,,
3067,1642612341.6239507,42.26220137040845,-0.023122455464407398,41.80136630936045,-8.54766205474431,51.57164778885805,-0.002502544535592611,,,
3068,1642612341.6280723,42.24162947961947,-0.01999740413752913,41.788306062234156,-8.545249477781029,51.576110399681575,-0.0025025958624708606,,,
3069,1642612341.6313233,42.22540235502883,-0.011747352810650903,41.77183551302874,-8.540921175962216,51.57873193312862,-0.0025026471893491104,,,
3070,1642612341.636583,42.1991493046039,-0.014997301483772627,41.75124073830229,-8.535796734715342,51.58207872351525,-0.0025026985162273606,,,
3071,1642612341.6391902,42.18613642638458,-0.023747250156894384,41.73481570770559,-8.531095258182406,51.58737814812308,-0.0025027498431056104,,,
3072,1642612341.6432583,42.1658311002706,-0.02412219883001615,41.71149460788885,-8.527861692765802,51.592761246091484,-0.0025028011699838606,,,
3073,1642612341.6466217,42.14904347584993,-0.01949714750313788,41.69508395158964,-8.52534964818136,51.597112219891734,-0.0025028524968621103,,,
3074,1642612341.6507232,42.12857154681408,-0.012247096176259653,41.67454906976939,-8.52119555517605,51.599845275821245,-0.00250290382374036,,,
3075,1642612341.6543767,42.110293285847305,-0.01337204484938139,41.658109664875205,-8.537893740948942,51.60282937474064,-0.0025029551506186103,,,
3076,1642612341.6578116,42.09305993311085,-0.022496993522503134,41.635092702836474,-8.54091335469727,51.60784979269588,-0.00250300647749686,,,
3077,1642612341.6618752,42.072672256006655,-0.024996942195624886,41.61857932406915,-8.53749400426828,51.6134280979614,-0.0025030578043751103,,,
3078,1642612341.6651568,42.05620804645126,-0.022496890868746636,41.598253053537015,-8.535322911133877,51.618448493008486,-0.00250310913125336,,,
3079,1642612341.6697578,42.0331241815864,-0.014871839541868392,41.581882926808454,-8.531678896731874,51.621767285370176,-0.0025031604581316103,,,
3080,1642612341.673093,42.01639083172659,-0.011371788214990138,41.55976361825791,-8.527061259888733,51.624305008007674,-0.00250321178500986,,,
3081,1642612341.6771872,41.995850043693665,-0.020746736888111884,41.54262231805406,-8.522518528120225,51.62893483955746,-0.00250326311188811,,,
3082,1642612341.680477,41.97934516404782,-0.026371685561233652,41.52205968165798,-8.518799649646374,51.63481993187298,-0.00250331443876636,,,
3083,1642612341.6840918,41.96128397429091,-0.024496634234355386,41.50578386252159,-8.523718249100108,51.64028658866115,-0.00250336576564461,,,
3084,1642612341.6883612,41.94005859646545,-0.018621582907477147,41.47953309842719,-8.536767222693571,51.64444217189898,-0.00250341709252286,,,
3085,1642612341.6924324,41.91981821271901,-0.010746531580598902,41.466539393812255,-8.53198654294435,51.646840362574984,-0.0025034684194011098,,,
3086,1642612341.6957057,41.90354506745929,-0.015871480253720642,41.45024339541795,-8.527155804252809,51.65038223426386,-0.0025035197462793595,,,
3087,1642612341.700153,41.88143426174331,-0.02499642892684239,41.42997607328609,-8.523251356470476,51.65596042498857,-0.0025035710731576098,,,
3088,1642612341.703592,41.864337324805,-0.025746377599964138,41.409444472416304,-8.520648718770312,51.661705973888516,-0.0025036224000358595,,,
3089,1642612341.7068644,41.84806892079236,-0.021621326273085897,41.39134375975757,-8.517895883685592,51.66653097837318,-0.0025036737269141097,,,
3090,1642612341.7109792,41.827611624992414,-0.01287127494620764,41.37414064245199,-8.513415670671606,51.669403325728496,-0.0025037250537923595,,,
3091,1642612341.716241,41.80136630936045,-0.01212122361932939,41.35381498852662,-8.508409741094193,51.672108292000416,-0.0025037763806706097,,,
3092,1642612341.7188404,41.788306062234156,-0.021746172292451134,41.33322267497379,-8.495705591254163,51.67696115706105,-0.0025038277075488595,,,
3093,1642612341.7221186,41.77183551302874,-0.02574612096557289,41.314931658997374,-8.482809157536053,51.6827066486906,-0.0025038790344271093,,,
3094,1642612341.7262177,41.75124073830229,-0.02362106963869465,41.2977727209582,-8.480511930299835,51.687977914916345,-0.0025039303613053595,,,
3095,1642612341.729487,41.73481570770559,-0.01624601831181638,41.277088464007406,-8.476316160106705,51.69160336833314,-0.0025039816881836092,,,
3096,1642612341.7341287,41.71149460788885,-0.01262096698493814,41.26085052299015,-8.471146142596577,51.69441985708753,-0.0025040330150618594,,,
3097,1642612341.737395,41.69508395158964,-0.0208709156580599,41.23863683834233,-8.466925411957973,51.699077400310244,-0.002504084341940109,,,
3098,1642612341.7414823,41.67454906976939,-0.024995864331181637,41.2214397242608,-8.463579025288851,51.70465546504007,-0.0025041356688183594,,,
3099,1642612341.7447543,41.658109664875205,-0.022495813004303384,41.20105610364358,-8.461356792237009,51.709675619551454,-0.002504186995696609,,,
3100,1642612341.7493472,41.635092702836474,-0.017120761677425145,41.18459865038276,-8.474808226001308,51.713496280265375,-0.002504238322574859,,,
3101,1642612341.7526453,41.61857932406915,-0.010870710350546889,41.162474043330555,-8.498334090187535,51.71592218261431,-0.002504289649453109,,,
3102,1642612341.7567048,41.598253053537015,-0.01824565902366863,41.14506790152283,-8.49363885338343,51.71999387486403,-0.002504340976331359,,,
3103,1642612341.7599742,41.581882926808454,-0.0231206076967904,41.12894692821644,-8.489621708959312,51.725153458250176,-0.002504392303209609,,,
3104,1642612341.764392,41.55976361825791,-0.022745556369912136,41.1085373132075,-8.486784939920165,51.7302293453676,-0.002504443630087859,,,
3105,1642612341.7678154,41.54262231805406,-0.018620505043033895,41.07347464126906,-8.483697039696603,51.73438468806973,-0.002504494956966109,,,
3106,1642612341.771922,41.52205968165798,-0.012495453716155654,41.069559802039194,-8.47892650168638,51.73717316734509,-0.002504546283844359,,,
3107,1642612341.7751727,41.50578386252159,-0.01649540238927738,41.051455895615774,-8.474005289090073,51.740854273189356,-0.0025045976107226087,,,
3108,1642612341.78042,41.47953309842719,-0.02387035106239915,41.03109968096007,-8.469837511329574,51.74618116893441,-0.002504648937600859,,,
3109,1642612341.7830224,41.466539393812255,-0.024120299735520902,41.014836306711715,-8.430472750581604,51.75156384310183,-0.0025047002644791086,,,
3110,1642612341.786286,41.45024339541795,-0.019495248408642633,40.9966566118806,-8.384376399595142,51.75591439310109,-0.002504751591357359,,,
3111,1642612341.7903452,41.42997607328609,-0.012995197081764404,40.97535095507912,-8.379974249441267,51.758814394858916,-0.0025048029182356086,,,
3112,1642612341.7944572,41.409444472416304,-0.013745145754886128,40.95905754837926,-8.375074556853518,51.76188175479198,-0.0025048542451138584,,,
3113,1642612341.7980824,41.39134375975757,-0.0223700944280079,40.938382016710065,-8.370548038966623,51.76687385400802,-0.0025049055719921086,,,
3114,1642612341.8015277,41.37414064245199,-0.024995043101129637,40.920255736526585,-8.367066391869935,51.77245173547255,-0.0025049568988703584,,,
3115,1642612341.8055985,41.35381498852662,-0.022369991774251398,40.8989165369424,-8.36472912608811,51.77744381178042,-0.0025050082257486086,,,
3116,1642612341.8097227,41.33322267497379,-0.01449494044737313,40.88256922219891,-8.361247499417948,51.78067849552647,-0.0025050595526268584,,,
3117,1642612341.8133824,41.314931658997374,-0.011494889120494903,40.861928431268936,-8.371988503956938,51.7832436893012,-0.002505110879505108,,,
3118,1642612341.8168116,41.2977727209582,-0.020994837793616633,40.83975835075851,-8.393190801443456,51.78792888692643,-0.0025051622063833583,,,
3119,1642612341.8209453,41.277088464007406,-0.025869786466738404,40.82259932609186,-8.389266816700863,51.793701975688094,-0.002505213533261608,,,
3120,1642612341.8241904,41.26085052299015,-0.02111973513986015,40.806147165032534,-8.386767937940709,51.798415045343376,-0.0025052648601398583,,,
3121,1642612341.8286297,41.23863683834233,-0.01674468381298188,40.78583884247293,-8.383619025782705,51.80215178070695,-0.002505316187018108,,,
3122,1642612341.8320665,41.2214397242608,-0.01111963248610364,40.759599064078564,-8.378845014742225,51.80463323239662,-0.0025053675138963583,,,
3123,1642612341.8361402,41.20105610364358,-0.016369581159225394,40.74662042840156,-8.373845998856986,51.80828626003737,-0.002505418840774608,,,
3124,1642612341.8394291,41.18459865038276,-0.02411952983234715,40.73033157309975,-8.369622045291676,51.813668762393576,-0.002505470167652858,,,
3125,1642612341.8438594,41.162474043330555,-0.023369478505468902,40.70931996297131,-8.366534212088187,51.81888388366638,-0.002505521494531108,,,
3126,1642612341.8473566,41.14506790152283,-0.019994427178590634,40.68685525170221,-8.364561419108096,51.82334583015322,-0.002505572821409358,,,
3127,1642612341.8505955,41.12894692821644,-0.014119375851712393,40.67388609324069,-8.361087562488802,51.826496703089724,-0.002505624148287608,,,
3128,1642612341.854696,41.1085373132075,-0.015369324524834145,40.65351569352111,-8.356213628458468,51.829926513954334,-0.002505675475165858,,,
3129,1642612341.8617406,41.07347464126906,-0.023744273197955888,40.63302013188623,-8.351064687469506,51.83522527422547,-0.002505726802044108,,,
3130,1642612341.8625271,41.069559802039194,-0.024494221871077637,40.616673985748086,-8.34684081468285,51.84069139267184,-0.0025057781289223578,,,
3131,1642612341.8661644,41.051455895615774,-0.020744170544199386,40.59305295228544,-8.344292057057244,51.84532065151759,-0.0025058294558006075,,,
3132,1642612341.8702543,41.03109968096007,-0.01474411921732113,40.579980088236944,-8.340843253341577,51.84861094187478,-0.0025058807826788577,,,
3133,1642612341.8735218,41.014836306711715,-0.013869067890442894,40.55944399798187,-8.336044375338576,51.85170595621036,-0.0025059321095571075,,,
3134,1642612341.8771586,40.9966566118806,-0.02211901656356465,40.53889598754439,-8.351901692909454,51.85664202501426,-0.0025059834364353577,,,
3135,1642612341.881399,40.97535095507912,-0.024618965236686403,40.5209140581078,-8.371931716240871,51.862135981128446,-0.0025060347633136075,,,
3136,1642612341.8846416,40.95905754837926,-0.022743913909808136,40.50399884708414,-8.369193103627795,51.867211501715275,-0.0025060860901918577,,,
3137,1642612341.8887565,40.938382016710065,-0.017493862582929884,40.48368233661928,-8.36652991622449,51.871115423442866,-0.0025061374170701075,,,
3138,1642612341.892364,40.920255736526585,-0.011743811256051655,40.46337649596794,-8.362107058609135,51.87373616655833,-0.0025061887439483573,,,
3139,1642612341.896611,40.8989165369424,-0.01749375992917338,40.44125915808895,-8.356779232760566,51.87764006537776,-0.0025062400708266075,,,
3140,1642612341.8998644,40.88256922219891,-0.024118708602295154,40.42816136923351,-8.351878768216151,51.88302238446867,-0.0025062913977048572,,,
3141,1642612341.9039724,40.861928431268936,-0.024618657275416903,40.407965783321806,-8.34861230306255,51.88851627185837,-0.0025063427245831074,,,
3142,1642612341.908393,40.83975835075851,-0.019618605948538648,40.39179983031377,-8.346326241662839,51.89289435026526,-0.002506394051461357,,,
3143,1642612341.911825,40.82259932609186,-0.012493554621660406,40.37148331984891,-8.30324134226749,51.895682405739635,-0.002506445378339607,,,
3144,1642612341.9151156,40.806147165032534,-0.01574350329478213,40.35127597573798,-8.241468771294326,51.8991957181536,-0.002506496705217857,,,
3145,1642612341.9191775,40.78583884247293,-0.0238684519679039,40.33394688465346,-8.23655016943485,51.904522190097666,-0.002506548032096107,,,
3146,1642612341.9244258,40.759599064078564,-0.02499340064102564,40.31341079034656,-8.232724941839402,51.91009970503162,-0.002506599358974357,,,
3147,1642612341.9270217,40.74662042840156,-0.0211183493141474,40.296843272577746,-8.230340977057832,51.91481246542673,-0.002506650685852607,,,
3148,1642612341.9302797,40.73033157309975,-0.015368297987269144,40.27325009105551,-8.227012753526681,51.918242047209716,-0.002506702012730857,,,
3149,1642612341.9344823,40.70931996297131,-0.009743246660390904,40.256846881230395,-8.222069343303286,51.920416345318806,-0.002506753339609107,,,
3150,1642612341.9389756,40.68685525170221,-0.017368195333512648,40.23620524605455,-8.216703507169708,51.92429222320512,-0.0025068046664873567,,,
3151,1642612341.9415696,40.67388609324069,-0.024368144006634403,40.219918371050895,-8.228950177801961,51.92973020617758,-0.002506855993365607,,,
3152,1642612341.945644,40.65351569352111,-0.025743092679756142,40.197615022389726,-8.25516681069802,51.935475022016355,-0.0025069073202438567,,,
3153,1642612341.9497433,40.63302013188623,-0.0211180413528779,40.18044116523682,-8.252594952483637,51.940187713686974,-0.002506958647122107,,,
3154,1642612341.9530127,40.616673985748086,-0.012742990025999656,40.16005272654293,-8.248124222328833,51.9430314330429,-0.0025070099740003566,,,
3155,1642612341.9577372,40.59305295228544,-0.017242938699121385,40.143401313440094,-8.242828987795873,51.946879358720594,-0.0025070613008786064,,,
3156,1642612341.960352,40.579980088236944,-0.02399288737224314,40.11913271379896,-8.23788355761018,51.95223359960799,-0.0025071126277568566,,,
3157,1642612341.9644594,40.55944399798187,-0.024867836045364904,40.1055312765775,-8.23486200517561,51.95778309360884,-0.0025071639546351064,,,
3158,1642612341.9685693,40.53889598754439,-0.02336778471848665,40.085076041384056,-8.232565036474023,51.96299783689698,-0.0025072152815133566,,,
3159,1642612341.972175,40.5209140581078,-0.013617733391608395,40.068608318654995,-8.238991130721638,51.96603676355003,-0.0025072666083916064,,,
3160,1642612341.9755766,40.50399884708414,-0.013242682064730157,40.04616680882182,-8.251822729976736,51.96899199393434,-0.0025073179352698566,,,
3161,1642612341.9796624,40.48368233661928,-0.021992630737851886,40.0291040992086,-8.247111059969454,51.97389985853984,-0.0025073692621481064,,,
3162,1642612341.983746,40.46337649596794,-0.026492579410973643,40.01274629323204,-8.243728173641795,51.97981192946712,-0.002507420589026356,,,
3163,1642612341.988194,40.44125915808895,-0.024367528084095404,39.99238016505848,-8.241623928600383,51.985249774990606,-0.0025074719159046063,,,
3164,1642612341.990828,40.42816136923351,-0.01624247675721713,39.96619769035172,-8.238090635686413,51.988874438075825,-0.002507523242782856,,,
3165,1642612341.9948895,40.407965783321806,-0.011367425430338892,39.95322413505573,-8.233128294896193,51.99141118711646,-0.0025075745696611063,,,
3166,1642612341.9981406,40.39179983031377,-0.019742374103460636,39.93695548215294,-8.227990466034441,51.995816885563634,-0.002507625896539356,,,
3167,1642612342.0022264,40.37148331984891,-0.024867322776582403,39.91674507468157,-8.223604783343015,52.00136626502367,-0.0025076772234176063,,,
3168,1642612342.0062711,40.35127597573798,-0.02474227144970414,39.89648593019654,-8.211856309355527,52.00688773809141,-0.002507728550295856,,,
3169,1642612342.009716,40.33394688465346,-0.019242220122825886,39.87861506929437,-8.197942249308793,52.01118182242346,-0.002507779877174106,,,
3170,1642612342.0137985,40.31341079034656,-0.011992168795947656,39.86146897423492,-8.19319213266127,52.01385798888478,-0.002507831204052356,,,
3171,1642612342.017092,40.296843272577746,-0.016742117469069385,39.84115795955089,-8.18789180400571,52.017594151544316,-0.002507882530930606,,,
3172,1642612342.0217822,40.27325009105551,-0.024867066142191155,39.82034765973032,-8.183066677584463,52.023143473733946,-0.002507933857808856,,,
3173,1642612342.025043,40.256846881230395,-0.026992014815312892,39.80229355685688,-8.1802423697406,52.02916699841921,-0.002507985184687106,,,
3174,1642612342.0291464,40.23620524605455,-0.021616963488434653,39.7849782529922,-8.177993304551617,52.033991029307,-0.0025080365115653556,,,
3175,1642612342.0323842,40.219918371050895,-0.011116912161556393,39.76438363481772,-8.173918512056366,52.036471873930395,-0.0025080878384436058,,,
3176,1642612342.0368268,40.197615022389726,-0.012866860834678143,39.748208702971375,-8.166418100698227,52.03934323623476,-0.0025081391653218555,,,
3177,1642612342.0402596,40.18044116523682,-0.0223668095077999,39.72092539423053,-8.155551311469107,52.044334602389625,-0.0025081904922001057,,,
3178,1642612342.044335,40.16005272654293,-0.026491758180921643,39.70792939039943,-8.152155327401632,52.050246490051606,-0.0025082418190783555,,,
3179,1642612342.0476632,40.143401313440094,-0.02474170685404339,39.68751033637641,-8.149983585215672,52.055767837124456,-0.0025082931459566057,,,
3180,1642612342.052514,40.11913271379896,-0.015116655527165146,39.67121254836868,-8.146412731434665,52.059141262500425,-0.0025083444728348555,,,
3181,1642612342.0552328,40.1055312765775,-0.011491604200286908,39.650812579803336,-8.14159267197167,52.06170572321398,-0.0025083957997131053,,,
3182,1642612342.0593214,40.085076041384056,-0.01986655287340865,39.63265038114961,-8.136797607094575,52.066139133334076,-0.0025084471265913555,,,
3183,1642612342.062613,40.068608318654995,-0.02524150154653039,39.615500904593425,-8.133151831130583,52.07177201434348,-0.0025084984534696052,,,
3184,1642612342.0671043,40.04616680882182,-0.02349145021965214,39.59483135393851,-8.130880202963159,52.07701435476374,-0.0025085497803478555,,,
3185,1642612342.0705266,40.0291040992086,-0.016866398892773898,39.57429301580507,-8.119965505595255,52.08077825200436,-0.0025086011072261052,,,
3186,1642612342.0738075,40.01274629323204,-0.010491347565895657,39.55626346453475,-8.105983362819686,52.08311949594177,-0.002508652434104355,,,
3187,1642612342.0778923,39.99238016505848,-0.0176162962390174,39.539065358477195,-8.100774030783558,52.08705073990354,-0.002508703760982605,,,
3188,1642612342.0831437,39.96619769035172,-0.02474124491213914,39.518508667526895,-8.0967864978891,52.092571983889655,-0.002508755087860855,,,
3189,1642612342.0857458,39.95322413505573,-0.025616193585260905,39.501989449803524,-8.094768798176746,52.098288480989225,-0.002508806414739105,,,
3190,1642612342.0890088,39.93695548215294,-0.021866142258382654,39.47974270937339,-8.092352157212945,52.10316811848817,-0.002508857741617355,,,
3191,1642612342.0930624,39.91674507468157,-0.012616090931504394,39.462429861625544,-8.087915834625353,52.10598351910488,-0.002508909068495605,,,
3192,1642612342.0971258,39.89648593019654,-0.015491039604626134,39.441903051323756,-8.082606815908743,52.109440491846534,-0.002508960395373855,,,
3193,1642612342.100706,39.87861506929437,-0.02374098827774789,39.42543044741207,-8.101069064534707,52.11473851905651,-0.0025090117222521047,,,
3194,1642612342.1041367,39.86146897423492,-0.026490936950869643,39.40323393206728,-8.137772754087958,52.1206502234532,-0.002509063049130355,,,
3195,1642612342.1082006,39.84115795955089,-0.024115885623991404,39.386192693665464,-8.135487924145744,52.126031912569665,-0.0025091143760086047,,,
3196,1642612342.1123643,39.82034765973032,-0.014115834297113146,39.36594362298273,-8.131720389327754,52.1291819951746,-0.002509165702886855,,,
3197,1642612342.1159766,39.80229355685688,-0.011240782970234908,39.34956055349623,-8.126696326537147,52.13169048274642,-0.0025092170297651047,,,
3198,1642612342.119441,39.7849782529922,-0.02036573164335665,39.32323972633352,-8.121622012532201,52.136235289354104,-0.002509268356643355,,,
3199,1642612342.1235616,39.76438363481772,-0.024740680316478393,39.31024830206825,-8.118030424035092,52.14175640734533,-0.0025093196835216046,,,
3200,1642612342.126798,39.748208702971375,-0.024990628989600142,39.294060904421436,-8.116072345642301,52.14733330375893,-0.0025093710103998544,,,
3201,1642612342.132255,39.72092539423053,-0.016990577662721884,39.27351417536439,-8.113058785397348,52.15112491267247,-0.0025094223372781046,,,
3202,1642612342.1348526,39.70792939039943,-0.010865526335843643,39.25323427154328,-8.082261559421495,52.15354965815924,-0.0025094736641563544,,,
3203,1642612342.138934,39.68751033637641,-0.0178654750089654,39.23521981785721,-8.046610124566685,52.15753650873215,-0.0025095249910346046,,,
3204,1642612342.1421914,39.67121254836868,-0.024115423682087155,39.21806889965576,-8.042344769844853,52.16291809476189,-0.0025095763179128544,,,
3205,1642612342.1462688,39.650812579803336,-0.023990372355208893,39.19770681176739,-8.039676619220534,52.16827177439933,-0.0025096276447911046,,,
3206,1642612342.149899,39.63265038114961,-0.018240321028330637,39.17699602118338,-8.036758917300554,52.17234227542465,-0.0025096789716693543,,,
3207,1642612342.1533267,39.615500904593425,-0.011365269701452393,39.15898648230328,-8.032268987936662,52.17487854339389,-0.002509730298547604,,,
3208,1642612342.157458,39.59483135393851,-0.017490218374574137,39.140810951386555,-8.027080296506368,52.17878165188174,-0.0025097816254258543,,,
3209,1642612342.1615632,39.57429301580507,-0.025990167047695894,39.12005597587192,-8.022290913793071,52.184581604714346,-0.002509832952304104,,,
3210,1642612342.1651635,39.55626346453475,-0.026115115720817657,39.1036657549894,-8.021882837661522,52.19040944103109,-0.0025098842791823543,,,
3211,1642612342.1685941,39.539065358477195,-0.01999006439393939,39.080018014131774,-8.024597378270943,52.194870413921066,-0.002509935606060604,,,
3212,1642612342.1726947,39.518508667526895,-0.010115013067061144,39.066867269985586,-8.02085254829819,52.197127675237724,-0.002509986932938854,,,
3213,1642612342.1759899,39.501989449803524,-0.012114961740182895,39.04630185879155,-8.015533962654192,52.199831244111785,-0.002510038259817104,,,
3214,1642612342.1804276,39.47974270937339,-0.022239910413304642,39.025769852372626,-8.010290328504153,52.20479429152744,-0.002510089586695354,,,
3215,1642612342.183881,39.462429861625544,-0.02661485908642641,38.994952754301316,-8.006345686008878,52.21073365032666,-0.002510140913573604,,,
3216,1642612342.1879756,39.441903051323756,-0.025239807759548143,38.99099548147787,-8.003874898040838,52.21636615335139,-0.002510192240451854,,,
3217,1642612342.1912615,39.42543044741207,-0.0168647564326699,38.972709946185425,-8.000180080174784,52.22012968406142,-0.0025102435673301036,,,
3218,1642612342.195702,39.40323393206728,-0.011364705105791646,38.9523568939189,-7.995211271578945,52.22266582603577,-0.002510294894208354,,,
3219,1642612342.1991282,39.386192693665464,-0.018739653778913387,38.93186306438582,-7.993546552951884,52.22684775791092,-0.0025103462210866036,,,
3220,1642612342.2031991,39.36594362298273,-0.02498960245203514,38.91345686902981,-7.993636606480503,52.2324244252429,-0.0025103975479648538,,,
3221,1642612342.206493,39.34956055349623,-0.025239551125156894,38.896053524262534,-7.991263442145776,52.23805687099722,-0.0025104488748431035,,,
3222,1642612342.2117846,39.32323972633352,-0.01786449979827865,38.87552277388855,-7.98851521059599,52.2420435039426,-0.0025105002017213537,,,
3223,1642612342.2143965,39.31024830206825,-0.009739448471400408,38.859208776958376,-7.984066638078159,52.244216954449705,-0.0025105515285996035,,,
3224,1642612342.217651,39.294060904421436,-0.014989397144522135,38.836193026321425,-7.979167982852903,52.2475619809079,-0.0025106028554778533,,,
3225,1642612342.2217817,39.27351417536439,-0.023989345817643892,38.81958702696227,-7.974719430873417,52.25291543146373,-0.0025106541823561035,,,
3226,1642612342.225859,39.25323427154328,-0.026489294490765643,38.799019329342165,-7.971946235229535,52.258826769329836,-0.0025107055092343533,,,
3227,1642612342.229469,39.23521981785721,-0.021364243163887405,38.7828102149171,-7.968450020495583,52.263594403274915,-0.0025107568361126035,,,
3228,1642612342.2328932,39.21806889965576,-0.013364191837009147,38.76047676888968,-7.96222939050146,52.266576749719945,-0.0025108081629908532,,,
3229,1642612342.2369585,39.19770681176739,-0.014614140510130897,38.74340808801704,-7.9569826221280335,52.269838034093084,-0.0025108594898691034,,,
3230,1642612342.2410934,39.17699602118338,-0.022489089183252643,38.722894910145165,-7.952210789464089,52.27485668811989,-0.0025109108167473532,,,
3231,1642612342.244689,39.15898648230328,-0.025989037856374395,38.70644621488678,-7.949113704169895,52.28065638896272,-0.002510962143625603,,,
3232,1642612342.2483177,39.140810951386555,-0.02398898652949614,38.68431988213779,-7.947116456490889,52.286009759339976,-0.002511013470503853,,,
3233,1642612342.2524614,39.12005597587192,-0.015488935202617885,38.66714747290276,-7.943594458431443,52.289466262464316,-0.002511064797382103,,,
3234,1642612342.2557337,39.1036657549894,-0.01198888387573966,38.651042154292284,-7.938522713909522,52.292141695864466,-0.002511116124260353,,,
3235,1642612342.2604566,39.080018014131774,-0.018738832548861387,38.63060647462219,-7.9379150619641266,52.29632344447432,-0.002511167451138603,,,
3236,1642612342.2630847,39.066867269985586,-0.026613781221983157,38.604221246975214,-7.943933986194004,52.30226256273784,-0.002511218778016853,,,
3237,1642612342.2671945,39.04630185879155,-0.026238729895104895,38.59129725768112,-7.941281940978454,52.30811798473262,-0.002511270104895103,,,
3238,1642612342.2712977,39.025769852372626,-0.01973867856822664,38.575047066722476,-7.937828535600587,52.31252285848597,-0.0025113214317733527,,,
3239,1642612342.2774563,38.994952754301316,-0.012363627241348396,38.55478282273538,-7.9327974424374235,52.315281919430376,-0.002511372758651603,,,
3240,1642612342.278247,38.99099548147787,-0.01848857591447014,38.534597122329636,-7.927365674330874,52.31940782089339,-0.0025114240855298527,,,
3241,1642612342.2819014,38.972709946185425,-0.024863524587591907,38.5163595407521,-7.922810415440548,52.32495635275144,-0.002511475412408103,,,
3242,1642612342.2859688,38.9523568939189,-0.026113473260713657,38.499297732786225,-7.920108335985158,52.330783822537605,-0.0025115267392863527,,,
3243,1642612342.2900643,38.93186306438582,-0.021363421933835405,38.479154874333936,-7.917631652252435,52.33555127321739,-0.0025115780661646024,,,
3244,1642612342.2937443,38.91345686902981,-0.011863370606957146,38.45884897844764,-7.896110242551067,52.338198697138516,-0.0025116293930428526,,,
3245,1642612342.2972257,38.896053524262534,-0.013738319280078884,38.43677802473039,-7.862729058118274,52.34126453367883,-0.0025116807199211024,,,
3246,1642612342.3013327,38.87552277388855,-0.022238267953200642,38.4235879174544,-7.857851409685412,52.3462272145639,-0.0025117320467993526,,,
3247,1642612342.3045962,38.859208776958376,-0.024488216626322393,38.403234217433685,-7.854617111043883,52.35169199288283,-0.0025117833736776024,,,
3248,1642612342.3092003,38.836193026321425,-0.02223816529944414,38.38294036363474,-7.852304088738991,52.35665465085974,-0.0025118347005558526,,,
3249,1642612342.3125222,38.81958702696227,-0.0138631139725659,38.360500424323455,-7.848123645345666,52.359748336521946,-0.0025118860274341024,,,
3250,1642612342.3166366,38.799019329342165,-0.012113062645687647,38.347458735677435,-7.842797854288475,52.36245148159502,-0.002511937354312352,,,
3251,1642612342.319879,38.7828102149171,-0.02198801131880939,38.326801016850176,-7.837521871632674,52.367358315333256,-0.0025119886811906023,,,
3252,1642612342.324346,38.76047676888968,-0.026237959991931147,38.30621990118678,-7.848201055326729,52.37321356551683,-0.002512040008068852,,,
3253,1642612342.3277593,38.74340808801704,-0.023862908665052907,38.284003189783085,-7.870855810824301,52.37853880042017,-0.0025120913349471023,,,
3254,1642612342.3318613,38.722894910145165,-0.015487857338174637,38.27091825079022,-7.8677054482221624,52.381995063008816,-0.002512142661825352,,,
3255,1642612342.3351505,38.70644621488678,-0.00998780601129641,38.25040894575735,-7.862903508850144,52.38422393686178,-0.002512193988703602,,,
3256,1642612342.339575,38.68431988213779,-0.017612754684418152,38.23417752375555,-7.857551050744629,52.38815439049197,-0.002512245315581852,,,
3257,1642612342.343009,38.66714747290276,-0.025362703357539908,38.2135217321935,-7.853024396430097,52.393814318837606,-0.002512296642460102,,,
3258,1642612342.3462296,38.651042154292284,-0.026237652030661647,38.195409804260166,-7.85029948371126,52.399669500296696,-0.002512347969338352,,,
3259,1642612342.350316,38.63060647462219,-0.020862600703783405,38.17415020237051,-7.847374388897605,52.404325187958314,-0.002512399296216602,,,
3260,1642612342.3555954,38.604221246975214,-0.013237549376905161,38.15714585551149,-7.842922837547758,52.407279272934545,-0.002512450623094852,,,
3261,1642612342.3581846,38.59129725768112,-0.01723749805002689,38.13639717005288,-7.854112516440872,52.41112598447968,-0.002512501949973102,,,
3262,1642612342.3614402,38.575047066722476,-0.02511244672314866,38.11795658428713,-7.869365373193261,52.41673006567848,-0.0025125532768513516,,,
3263,1642612342.3655,38.55478282273538,-0.02711239539627041,38.10106483029892,-7.866200545927288,52.42278045443469,-0.0025126046037296018,,,
3264,1642612342.369544,38.534597122329636,-0.022737344069392144,38.080904737076686,-7.863488243229506,52.42785450889918,-0.0025126559306078516,,,
3265,1642612342.3731978,38.5163595407521,-0.013487292742513913,38.06478472369107,-7.859518966844203,52.43086432648144,-0.0025127072574861018,,,
3266,1642612342.376616,38.499297732786225,-0.012362241415635647,38.04233548898865,-7.854694951661238,52.43362307816567,-0.0025127585843643515,,,
3267,1642612342.3806515,38.479154874333936,-0.021862190088757408,38.02530147866816,-7.849795527760146,52.438501833700386,-0.0025128099112426017,,,
3268,1642612342.3847196,38.45884897844764,-0.02561213876187916,38.005168651242954,-7.846278796584606,52.44421742592757,-0.0025128612381208515,,,
3269,1642612342.3891318,38.43677802473039,-0.024487087435000894,37.98914584635105,-7.822070670777854,52.44968195225671,-0.0025129125649991013,,,
3270,1642612342.3917592,38.4235879174544,-0.01623703610812264,37.966913463373444,-7.781392756853924,52.45330540120938,-0.0025129638918773515,,,
3271,1642612342.3958135,38.403234217433685,-0.011611984781244398,37.94971078690827,-7.77665535008315,52.45589672599388,-0.0025130152187556013,,,
3272,1642612342.3998559,38.38294036363474,-0.02098693345436614,37.929278054394075,-7.771693415870905,52.46058015969067,-0.0025130665456338515,,,
3273,1642612342.4043257,38.360500424323455,-0.0267368821274879,37.91280883000511,-7.767305310440974,52.46654674909142,-0.0025131178725121012,,,
3274,1642612342.4069235,38.347458735677435,-0.026486830800609647,37.886442780776626,-7.764613722232642,52.472457537161645,-0.0025131691993903514,,,
3275,1642612342.4110384,38.326801016850176,-0.01948677947373139,37.87337323816115,-7.761298428463236,52.47680619723758,-0.0025132205262686012,,,
3276,1642612342.415138,38.30621990118678,-0.01048672814685316,37.852883167373896,-7.756411381127616,52.47914641030771,-0.002513271853146851,,,
3277,1642612342.4195716,38.284003189783085,-0.015736676819974888,37.83649636675246,-7.751200011813721,52.48265819932894,-0.002513323180025101,,,
3278,1642612342.4221911,38.27091825079022,-0.023986625493096644,37.81575902466264,-7.743081052872138,52.48801104281848,-0.002513374506903351,,,
3279,1642612342.426297,38.25040894575735,-0.026736574166218396,37.79768206092854,-7.7366148085802795,52.493977563494745,-0.002513425833781601,,,
3280,1642612342.4295464,38.23417752375555,-0.02261152283934016,37.78057709749809,-7.734573972235774,52.499023539755726,-0.002513477160659851,,,
3281,1642612342.4336815,38.2135217321935,-0.0136114715124619,37.76005592431435,-7.730414615503045,52.502061069010914,-0.0025135284875381007,,,
3282,1642612342.4373074,38.195409804260166,-0.01461142018558365,37.73940202474538,-7.725258313416682,52.50532174631777,-0.002513579814416351,,,
3283,1642612342.4415634,38.17415020237051,-0.022236368858705394,37.721287862493874,-7.720326336569086,52.51028400340185,-0.0025136311412946007,,,
3284,1642612342.4449675,38.15714585551149,-0.02511131753182716,37.70398082015257,-7.7170393466754525,52.51588783261087,-0.002513682468172851,,,
3285,1642612342.4491212,38.13639717005288,-0.023611266204948907,37.68351823789565,-7.714774246496959,52.5211569111072,-0.0025137337950511007,,,
3286,1642612342.4528205,38.11795658428713,-0.01573621487807064,37.66699918373335,-7.729975016413916,52.52466859704169,-0.0025137851219293504,,,
3287,1642612342.4562178,38.10106483029892,-0.013486163551192414,37.64471746145882,-7.757366149729972,52.527678162634174,-0.0025138364488076007,,,
3288,1642612342.4602723,38.080904737076686,-0.01973611222431414,37.627431683150654,-7.752376457327419,52.532082463683494,-0.0025138877756858504,,,
3289,1642612342.4635143,38.06478472369107,-0.023986060897435896,37.60684364647961,-7.748139446098569,52.53743518117815,-0.0025139391025641006,,,
3290,1642612342.4680293,38.04233548898865,-0.02436100957055766,37.590573490797446,-7.74565867720942,52.54287157203338,-0.0025139904294423504,,,
3291,1642612342.471455,38.02530147866816,-0.01748595824367939,37.564288464519066,-7.74229980260381,52.54677372983252,-0.0025140417563206006,,,
3292,1642612342.4755042,38.005168651242954,-0.00998590691680116,37.55132888223883,-7.737460685581621,52.549002179884496,-0.0025140930831988504,,,
3293,1642612342.4787266,37.98914584635105,-0.016360855589922903,37.53497320044079,-7.732069620223281,52.55265326033152,-0.0025141444100771,,,
3294,1642612342.4831853,37.966913463373444,-0.023735804263044644,37.51464768143097,-7.727381057976083,52.55795013067933,-0.0025141957369553504,,,
3295,1642612342.4866188,37.94971078690827,-0.02486075293616641,37.49413448011131,-7.710756370960797,52.563498044017024,-0.0025142470638336,,,
3296,1642612342.490697,37.929278054394075,-0.021985701609288144,37.47607743344012,-7.691924040205388,52.56840436232162,-0.0025142983907118503,,,
3297,1642612342.493984,37.91280883000511,-0.013485650282409913,37.4590267569996,-7.687678673631923,52.571413813373304,-0.0025143497175901,,,
3298,1642612342.4992464,37.886442780776626,-0.01661059895553165,37.438555928088,-7.682858524121548,52.575120626426354,-0.0025144010444683503,,,
3299,1642612342.501855,37.87337323816115,-0.024485547628653397,37.41813637761304,-7.678363267982899,52.58058480913307,-0.0025144523713466,,,
3300,1642612342.5059445,37.852883167373896,-0.02611049630177516,37.39983713086665,-7.6751425635607315,52.586411614582545,-0.00251450369822485,,,
3301,1642612342.509215,37.83649636675246,-0.022985444974896893,37.382829385210286,-7.672596626635771,52.59154103512249,-0.0025145550251031,,,
3302,1642612342.513354,37.81575902466264,-0.01161039364801865,37.36229296760067,-7.6683263203627705,52.59413200483049,-0.00251460635198135,,,
3303,1642612342.5169604,37.79768206092854,-0.01023534232114041,37.34582662683338,-7.665232564984975,52.59641611876401,-0.0025146576788596,,,
3304,1642612342.520371,37.78057709749809,-0.020860290994262155,37.32312454809042,-7.663966146163221,52.601071290992,-0.00251470900573785,,,
3305,1642612342.5244627,37.76005592431435,-0.025860239667383912,37.30588005385174,-7.66011740111548,52.60684224929463,-0.0025147603326161,,,
3306,1642612342.528581,37.73940202474538,-0.024735188340505646,37.285493589647785,-7.658069570928852,52.61236214169922,-0.00251481165949435,,,
3307,1642612342.5321927,37.721287862493874,-0.016485137013627388,37.26888892774561,-7.654846160515256,52.61604095672733,-0.0025148629863725996,,,
3308,1642612342.5356436,37.70398082015257,-0.01136008568674915,37.24661156239077,-7.6502470693657765,52.61857606783441,-0.0025149143132508498,,,
3309,1642612342.5397236,37.68351823789565,-0.01848503435987089,37.22933847229348,-7.64544788797351,52.62270117896585,-0.0025149656401290995,,,
3310,1642612342.5430174,37.66699918373335,-0.023984983032992645,37.21289942807244,-7.641098943000648,52.62805365592481,-0.0025150169670073498,,,
3311,1642612342.547471,37.64471746145882,-0.024859931706114412,37.19262973029116,-7.630857949478022,52.63360138599721,-0.0025150682938855995,,,
3312,1642612342.5509405,37.627431683150654,-0.021109880379236157,37.16630720359691,-7.611362318779118,52.63831225646899,-0.0025151196207638493,,,
3313,1642612342.5550728,37.60684364647961,-0.0123598290523579,37.15325819374839,-7.607002292030678,52.64107046981141,-0.0025151709476420995,,,
3314,1642612342.5583384,37.590573490797446,-0.01673477772547964,37.136914957359394,-7.6019940155442445,52.644804994537395,-0.0025152222745203493,,,
3315,1642612342.5636141,37.564288464519066,-0.02410972639860141,37.11499568076308,-7.597309879280966,52.650185309164165,-0.0025152736013985995,,,
3316,1642612342.5662153,37.55132888223883,-0.02685967507172316,37.098748067786,-7.594470800875576,52.656179300977655,-0.0025153249282768493,,,
3317,1642612342.569498,37.53497320044079,-0.02335962374484491,37.080497144329286,-7.592255059606398,52.661392223066954,-0.0025153762551550995,,,
3318,1642612342.5735776,37.51464768143097,-0.013734572417966637,37.05917073288684,-7.5881444148071235,52.66445722345937,-0.0025154275820333492,,,
3319,1642612342.577695,37.49413448011131,-0.012609521091088401,37.042953002225985,-7.583136189506166,52.66727115795375,-0.002515478908911599,,,
3320,1642612342.5813127,37.47607743344012,-0.021234469764210145,37.02253979436733,-7.597840269511527,52.672009831731096,-0.002515530235789849,,,
3321,1642612342.5847216,37.4590267569996,-0.02410941843733191,36.999990016447896,-7.627873405933323,52.67739007763338,-0.002515581562668099,,,
3322,1642612342.5888143,37.438555928088,-0.022484367110453644,36.98281432597346,-7.625667318184345,52.682407677884754,-0.002515632889546349,,,
3323,1642612342.5928967,37.41813637761304,-0.016109315783575405,36.96657991556442,-7.622230970511774,52.686002624832916,-0.002515684216424599,,,
3324,1642612342.5965552,37.39983713086665,-0.012734264456697165,36.946109151368,-7.617288179810932,52.68884439699511,-0.0025157355433028487,,,
3325,1642612342.5999556,37.382829385210286,-0.021359213129818908,36.915239200976245,-7.611742818080892,52.69361090844027,-0.002515786870181099,,,
3326,1642612342.6040614,37.36229296760067,-0.02748416180294065,36.90537771953453,-7.60717666133426,52.699744260404046,-0.0025158381970593487,,,
3327,1642612342.6073534,37.34582662683338,-0.027359110476062414,36.88900324475257,-7.604468474016874,52.70584970597552,-0.002515889523937599,,,
3328,1642612342.6118937,37.32312454809042,-0.019234059149184142,36.87260977819124,-7.5871751987628,52.71014196910873,-0.0025159408508158487,,,
3329,1642612342.6153443,37.30588005385174,-0.010234007822305912,36.8501073410538,-7.558024511352788,52.71242578523615,-0.002515992177694099,,,
3330,1642612342.6194236,37.285493589647785,-0.016108956495427654,36.83306937902033,-7.552907069338976,52.716020652005746,-0.0025160435045723487,,,
3331,1642612342.6227462,37.26888892774561,-0.022983905168549396,36.81255367317847,-7.548514055326438,52.721149728923265,-0.0025160948314505984,,,
3332,1642612342.627204,37.24661156239077,-0.02398385384167115,36.79619813634513,-7.545969565815259,52.726501953892445,-0.0025161461583288487,,,
3333,1642612342.6306603,37.22933847229348,-0.021733802514792896,36.7695322523447,-7.54354998616993,52.73135205851962,-0.0025161974852070984,,,
3334,1642612342.6339498,37.21289942807244,-0.013108751187914651,36.75654111947008,-7.539231942697626,52.73427740095565,-0.0025162488120853486,,,
3335,1642612342.6380057,37.19262973029116,-0.014233699861036389,36.74014979110527,-7.533839772828378,52.73745378638157,-0.0025163001389635984,,,
3336,1642612342.6432676,37.16630720359691,-0.02185864853415816,36.7195851701704,-7.528497573054977,52.742331751584715,-0.0025163514658418486,,,
3337,1642612342.6458704,37.15325819374839,-0.025108597207279912,36.69909093924742,-7.526208875932592,52.74793497372745,-0.0025164027927200984,,,
3338,1642612342.6491303,37.136914957359394,-0.02348354588040165,36.68100879413902,-7.5254331911103485,52.75317555021928,-0.002516454119598348,,,
3339,1642612342.6535025,37.11499568076308,-0.01423349455352339,36.66384172470049,-7.521488312719827,52.75635188982888,-0.0025165054464765984,,,
3340,1642612342.6567433,37.098748067786,-0.01110844322664515,36.64333783968092,-7.516243966515216,52.75883084452894,-0.002516556773354848,,,
3341,1642612342.6603837,37.080497144329286,-0.020608391899766907,36.62702822928554,-7.51119955027798,52.7634298030795,-0.0025166081002330983,,,
3342,1642612342.6646376,37.05917073288684,-0.025108340572888663,36.60489290619776,-7.507304682600142,52.76903296795183,-0.002516659427111348,,,
3343,1642612342.6678724,37.042953002225985,-0.023983289246010397,36.587784272771906,-7.505184112557384,52.77438506692613,-0.002516710753989598,,,
3344,1642612342.6719441,37.02253979436733,-0.01748323791913214,36.567343594051756,-7.50223888400159,52.77828661765899,-0.002516762080867848,,,
3345,1642612342.6764536,36.999990016447896,-0.010983186592253915,36.55100536193589,-7.4875843619381275,52.780737620150425,-0.002516813407746098,,,
3346,1642612342.6799035,36.98281432597346,-0.017108135265375655,36.524659495798254,-7.460947833743583,52.78455546316047,-0.002516864734624348,,,
3347,1642612342.6831644,36.96657991556442,-0.02460808393849741,36.51162328212219,-7.456447360980249,52.79004699100953,-0.002516916061502598,,,
3348,1642612342.6872761,36.946109151368,-0.027608032611619166,36.49109588640258,-7.453763459211861,52.796207985921754,-0.002516967388380848,,,
3349,1642612342.6934767,36.915239200976245,-0.022732981284740897,36.47463804089624,-7.450955145686453,52.80128106678937,-0.002517018715259098,,,
3350,1642612342.6954575,36.90537771953453,-0.013482929957862667,36.45413340016605,-7.4464547035834965,52.80428991077477,-0.0025170700421373476,,,
3351,1642612342.6987464,36.88900324475257,-0.01498287863098439,36.435917432319194,-7.44130727744664,52.80763348256471,-0.002517121369015598,,,
3352,1642612342.7020392,36.87260977819124,-0.023982827304106148,36.418611664049166,-7.436657549412428,52.81298547845227,-0.0025171726958938476,,,
3353,1642612342.7065506,36.8501073410538,-0.025607775977227912,36.39817768354929,-7.433699970397628,52.81870009708259,-0.0025172240227720978,,,
3354,1642612342.7099555,36.83306937902033,-0.021982724650349648,36.37758801101654,-7.457270446677626,52.8236057510505,-0.0025172753496503475,,,
3355,1642612342.7140553,36.81255367317847,-0.012732673323471416,36.359121193820805,-7.485271761171449,52.826447168136184,-0.0025173266765285973,,,
3356,1642612342.7173238,36.79619813634513,-0.01210762199659315,36.34207572470081,-7.4802349427282655,52.8291490990767,-0.0025173780034068475,,,
3357,1642612342.7226527,36.7695322523447,-0.02160757066971491,36.321783499557974,-7.475047670648831,52.83397103386771,-0.0025174293302850973,,,
3358,1642612342.7252488,36.75654111947008,-0.02698251934283665,36.30113712606418,-7.4712145842316415,52.839992439548034,-0.0025174806571633475,,,
3359,1642612342.7285244,36.74014979110527,-0.0267324680159584,36.28312903894327,-7.468810915436523,52.84595804389783,-0.0025175319840415973,,,
3360,1642612342.732634,36.7195851701704,-0.018357416689080155,36.26599919219604,-7.465228622829996,52.85005467593293,-0.0025175833109198475,,,
3361,1642612342.7367296,36.69909093924742,-0.012107365362201902,36.245752126910034,-7.460116623904283,52.85275654960304,-0.0025176346377980973,,,
3362,1642612342.7403438,36.68100879413902,-0.019732314035323644,36.229362664131415,-7.455473428258696,52.85716000305038,-0.002517685964676347,,,
3363,1642612342.7437758,36.66384172470049,-0.0262322627084454,36.20741308407444,-7.452227065107511,52.86301398183098,-0.0025177372915545972,,,
3364,1642612342.747875,36.64333783968092,-0.02523221138156715,36.19037106158545,-7.450048703225789,52.86864478965176,-0.002517788618432847,,,
3365,1642612342.7511356,36.62702822928554,-0.019482160054688894,36.169914218442955,-7.447368703778827,52.87299241886042,-0.002517839945311097,,,
3366,1642612342.7555609,36.60489290619776,-0.01060710872781065,36.153828678426514,-7.4431586886390315,52.87535949600151,-0.002517891272189347,,,
3367,1642612342.7589812,36.587784272771906,-0.014732057400932391,36.12710657804464,-7.4381209648235,52.87864709464971,-0.002517942599067597,,,
3368,1642612342.7630677,36.567343594051756,-0.022982006074054147,36.11416733068321,-7.433509651989401,52.88377574776624,-0.002517993925945847,,,
3369,1642612342.766334,36.55100536193589,-0.0252319547471759,36.09366296046133,-7.43080461134279,52.88940649831661,-0.0025180452528240967,,,
3370,1642612342.771594,36.524659495798254,-0.022606903420297662,36.07742533379086,-7.428852052798186,52.894451443710324,-0.002518096579702347,,,
3371,1642612342.7741892,36.51162328212219,-0.013481852093419417,36.05695304434757,-7.414655108069848,52.897460047160024,-0.0025181479065805967,,,
3372,1642612342.7782757,36.49109588640258,-0.014106800766541154,36.0389058305846,-7.397492264397974,52.90060811384674,-0.002518199233458847,,,
3373,1642612342.781552,36.47463804089624,-0.022606749439662913,36.02183760488118,-7.3924446934646255,52.9056530248782,-0.0025182505603370967,,,
3374,1642612342.785634,36.45413340016605,-0.025856698112784664,36.00143486615457,-7.388797537067466,52.91142319284926,-0.002518301887215347,,,
3375,1642612342.7892604,36.435917432319194,-0.02335664678590641,35.98085336511434,-7.386600809655088,52.91663545060187,-0.0025183532140935967,,,
3376,1642612342.7927055,36.418611664049166,-0.014856595459028156,35.96273878400193,-7.382978681017037,52.919950841101574,-0.0025184045409718464,,,
3377,1642612342.7967734,36.39817768354929,-0.011231544132149916,35.94567890053981,-7.3781562161259915,52.92245726693886,-0.0025184558678500966,,,
3378,1642612342.8008723,36.37758801101654,-0.018981492805271644,35.92533574925107,-7.3732587398439575,52.9266931674916,-0.0025185071947283464,,,
3379,1642612342.8045614,36.359121193820805,-0.025106441478393415,35.905004515449896,-7.358551648167323,52.93229590856295,-0.0025185585216065966,,,
3380,1642612342.807981,36.34207572470081,-0.025856390151515165,35.88262820137621,-7.33736084936518,52.938066007809525,-0.0025186098484848464,,,
3381,1642612342.812052,36.321783499557974,-0.019106338824636908,35.869343324024406,-7.334251345762905,52.94232976893824,-0.002518661175363096,,,
3382,1642612342.816194,36.30113712606418,-0.011981287497758666,35.84902295366815,-7.32952285459514,52.94500350713443,-0.0025187125022413464,,,
3383,1642612342.8198068,36.28312903894327,-0.017856236170880408,35.83273722317771,-7.3242962204931485,52.948988295972796,-0.002518763829119596,,,
3384,1642612342.8232434,36.26599919219604,-0.02548118484400215,35.80633258718749,-7.319468119145837,52.954674664588396,-0.0025188151559978464,,,
3385,1642612342.8273053,36.245752126910034,-0.025981133517123903,35.793374357725185,-7.316782086643582,52.96047260150279,-0.002518866482876096,,,
3386,1642612342.8305933,36.229362664131415,-0.02085608219024566,35.773006126872296,-7.314295325634082,52.96512683449615,-0.002518917809754346,,,
3387,1642612342.8349972,36.20741308407444,-0.010856030863367401,35.75670125218321,-7.310089946427295,52.96754946097798,-0.002518969136632596,,,
3388,1642612342.8384168,36.19037106158545,-0.013355979536489154,35.736315073644086,-7.324658693278148,52.97052997477009,-0.002519020463510846,,,
3389,1642612342.8425217,36.169914218442955,-0.020980928209610897,35.71807800766715,-7.349060544281939,52.975212068339424,-0.002519071790389096,,,
3390,1642612342.8457494,36.153828678426514,-0.025105876882732664,35.695971415075334,-7.345955315023247,52.980814683415886,-0.002519123117267346,,,
3391,1642612342.8511114,36.12710657804464,-0.0229808255558544,35.67987876648968,-7.3438530967598386,52.98594307308855,-0.002519174444145596,,,
3392,1642612342.8537078,36.11416733068321,-0.013480774228976169,35.65935053706786,-7.339995637567972,52.98895143600256,-0.002519225771023846,,,
3393,1642612342.8578222,36.09366296046133,-0.009730722902097914,35.64116013923895,-7.335135187970007,52.991122939315936,-0.0025192770979020956,,,
3394,1642612342.8610804,36.07742533379086,-0.01960567157521966,35.62398712007985,-7.330274748668821,52.99549813129447,-0.002519328424780346,,,
3395,1642612342.8651884,36.05695304434757,-0.025855620248341416,35.603529013720554,-7.326266870262489,53.001268058729835,-0.0025193797516585956,,,
3396,1642612342.8688047,36.0389058305846,-0.02523056892146315,35.5831184484206,-7.300203676243487,53.00689850002003,-0.002519431078536846,,,
3397,1642612342.8722193,36.02183760488118,-0.018230517594584897,35.56468534258406,-7.268710722531177,53.01096681331592,-0.0025194824054150956,,,
3398,1642612342.876301,36.00143486615457,-0.010980466267706667,35.54758041249224,-7.264084180793564,53.013417208741075,-0.0025195337322933458,,,
3399,1642612342.8804185,35.98085336511434,-0.01810541494082841,35.5270291185027,-7.258710767448719,53.01745760419059,-0.0025195850591715955,,,
3400,1642612342.8840425,35.96273878400193,-0.024105363613950166,35.510781290373636,-7.254158934336772,53.02283694522049,-0.0025196363860498453,,,
3401,1642612342.8874555,35.94567890053981,-0.0244803122870719,35.488497836411895,-7.251250251482232,53.028299959610976,-0.0025196877129280955,,,
3402,1642612342.8915253,35.92533574925107,-0.020480260960193647,35.47085183077934,-7.248490955219453,53.03287032452439,-0.0025197390398063453,,,
3403,1642612342.8955927,35.905004515449896,-0.012355209633315404,35.45021075655628,-7.2439391527769486,53.03562750699954,-0.0025197903666845955,,,
3404,1642612342.9000628,35.88262820137621,-0.015605158306437158,35.43377618554147,-7.250161616049836,53.039109946414285,-0.0025198416935628453,,,
3405,1642612342.90271,35.869343324024406,-0.0237301069795589,35.407439020894664,-7.26998288045606,53.04440554535913,-0.0025198930204410955,,,
3406,1642612342.906759,35.84902295366815,-0.02623005565268065,35.3944069039237,-7.266759492803373,53.05025903161426,-0.0025199443473193452,,,
3407,1642612342.9100041,35.83273722317771,-0.024230004325802402,35.37819090534564,-7.26441182520307,53.055666187403816,-0.002519995674197595,,,
3408,1642612342.9152656,35.80633258718749,-0.013479952998924169,35.355661935380496,-7.260487890265482,53.05867436705253,-0.0025200470010758452,,,
3409,1642612342.9178476,35.793374357725185,-0.012479901672045919,35.33946023032255,-7.255438053026359,53.061459375741414,-0.002520098327954095,,,
3410,1642612342.9219062,35.773006126872296,-0.021104850345167663,35.32134081131495,-7.250288144941953,53.06616912371328,-0.002520149654832345,,,
3411,1642612342.9251552,35.75670125218321,-0.025854799018289416,35.30006133323377,-7.246539382784719,53.07193886788335,-0.002520200981710595,,,
3412,1642612342.9292173,35.736315073644086,-0.02472974769141115,35.27965375988002,-7.244341888228183,53.07745754615537,-0.0025202523085888448,,,
3413,1642612342.932861,35.71807800766715,-0.015479696364532893,35.26324718103366,-7.251997672766154,53.08091198754518,-0.002520303635467095,,,
3414,1642612342.9372957,35.695971415075334,-0.010479645037654667,35.24530623803689,-7.260048286138344,53.08325061995217,-0.0025203549623453447,,,
3415,1642612342.9405239,35.67987876648968,-0.019229593710776396,35.223894777865034,-7.254931675927113,53.087541886580354,-0.002520406289223595,,,
3416,1642612342.9446418,35.65935053706786,-0.024229542383898153,35.20776049764682,-7.250568156218111,53.09294893928318,-0.0025204576161018447,,,
3417,1642612342.9482908,35.64116013923895,-0.0242294910570199,35.18739141407773,-7.2483383740221905,53.098355980531935,-0.002520508942980095,,,
3418,1642612342.9517357,35.62398712007985,-0.019979439730141647,35.16913082805592,-7.245957986098874,53.102814582427186,-0.0025205602698583447,,,
3419,1642612342.9558396,35.603529013720554,-0.011729388403263418,35.14790813540097,-7.241745113350979,53.105432106945955,-0.0025206115967365945,,,
3420,1642612342.959934,35.5831184484206,-0.014729337076385143,35.1314960463843,-7.236703862695363,53.10871909852787,-0.0025206629236148447,,,
3421,1642612342.9636197,35.56468534258406,-0.0232292857495069,35.11121006801133,-7.210199503749497,53.11390293445456,-0.0025207142504930944,,,
3422,1642612342.9670265,35.54758041249224,-0.026979234422628652,35.088718867551414,-7.170194120809665,53.1199236070737,-0.0025207655773713446,,,
3423,1642612342.9711196,35.5270291185027,-0.022854183095750415,35.07559020936077,-7.167808334195562,53.125023735277566,-0.0025208169042495944,,,
3424,1642612342.9743557,35.510781290373636,-0.014604131768872156,35.05493603384294,-7.1636548293301345,53.128282786104954,-0.002520868231127844,,,
3425,1642612342.9787939,35.488497836411895,-0.013854080441993906,35.03449612070806,-7.15840584098303,53.13137445584894,-0.0025209195580060944,,,
3426,1642612342.9823084,35.47085183077934,-0.022854029115115665,35.018000311214514,-7.153206658030525,53.13647454969057,-0.002520970884884344,,,
3427,1642612342.9864194,35.45021075655628,-0.025978977788237403,34.99982152456779,-7.1498250089386275,53.14227200553356,-0.0025210222117625944,,,
3428,1642612342.9896927,35.43377618554147,-0.02447892646135915,34.978467106066596,-7.147762942037207,53.14773471066386,-0.002521073538640844,,,
3429,1642612342.9949465,35.407439020894664,-0.01610387513448091,34.9620993752042,-7.144182132719536,53.15132844347946,-0.0025211248655190944,,,
3430,1642612342.997555,35.3944069039237,-0.011728823807602668,34.94131951504833,-7.161679424220392,53.15394584200334,-0.002521176192397344,,,
3431,1642612343.0008008,35.37819090534564,-0.01960377248072441,34.92317861579529,-7.183239994677093,53.15832061018089,-0.002521227519275594,,,
3432,1642612343.0053103,35.355661935380496,-0.025228721153846154,34.90213454863444,-7.179333903850783,53.16395063912417,-0.002521278846153844,,,
3433,1642612343.0085533,35.33946023032255,-0.025728669826967903,34.88592677689252,-7.177232713272822,53.169692236366245,-0.002521330173032094,,,
3434,1642612343.01218,35.32134081131495,-0.018728618500089646,34.86545930837429,-7.1744296313411295,53.17387170561402,-0.002521381499910344,,,
3435,1642612343.0164394,35.30006133323377,-0.010978567173211419,34.84300168289165,-7.169596058500963,53.17632167723819,-0.002521432826788594,,,
3436,1642612343.0205243,35.27965375988002,-0.01660351584633316,34.82883994468364,-7.164411545130505,53.1800269096281,-0.002521484153666844,,,
3437,1642612343.0238082,35.26324718103366,-0.0239784645194549,34.80850443997846,-7.159678264541749,53.185377931918794,-0.002521535480545094,,,
3438,1642612343.0274048,35.24530623803689,-0.025478413192576654,34.79224554711977,-7.1510574596668235,53.19106368201403,-0.0025215868074233436,,,
3439,1642612343.0317047,35.223894777865034,-0.0217283618656984,34.765651368764374,-7.135739837912155,53.19591257250864,-0.002521638134301594,,,
3440,1642612343.0349448,35.20776049764682,-0.011103310538820155,34.752608402353104,-7.131644124902751,53.19839038180062,-0.0025216894611798436,,,
3441,1642612343.0390353,35.18739141407773,-0.011853259211941905,34.73203312879938,-7.126698362587492,53.20103554926783,-0.002521740788058094,,,
3442,1642612343.0427024,35.16913082805592,-0.02097820788506365,34.715906434175174,-7.1220276298119565,53.20571703577089,-0.0025217921149363436,,,
3443,1642612343.0469644,35.14790813540097,-0.025103156558185416,34.68970964448221,-7.118832010672627,53.21131904378107,-0.0025218434418145938,,,
3444,1642612343.0502603,35.1314960463843,-0.022728105231307152,34.67669528629557,-7.11673647888174,53.21639103651101,-0.0025218947686928435,,,
3445,1642612343.0543342,35.11121006801133,-0.014353053904428908,34.65629285409896,-7.112840831219059,53.21959405692627,-0.0025219460955710933,,,
3446,1642612343.0588372,35.088718867551414,-0.011978002577550668,34.64011371106294,-7.107645102715908,53.22226706206129,-0.0025219974224493435,,,
3447,1642612343.0614522,35.07559020936077,-0.020852951250672415,34.61948122105996,-7.090781910305593,53.226920596355725,-0.0025220487493275933,,,
3448,1642612343.065566,35.05493603384294,-0.02635289992379417,34.60132086214139,-7.073086082689426,53.232801496477684,-0.0025221000762058435,,,
3449,1642612343.0696373,35.03449612070806,-0.026102848596915917,34.57998879188947,-7.0709482584939325,53.23862659526912,-0.0025221514030840933,,,
3450,1642612343.072923,35.018000311214514,-0.016977797270037648,34.56361410718734,-7.067589732459368,53.24241535211655,-0.002522202729962343,,,
3451,1642612343.0765438,34.99982152456779,-0.010352745943159405,34.54294597250012,-7.062786292164792,53.24472566578433,-0.0025222540568405932,,,
3452,1642612343.0807972,34.978467106066596,-0.017977694616281147,34.52498741268508,-7.05775864967843,53.24873755922935,-0.002522305383718843,,,
3453,1642612343.0840573,34.9620993752042,-0.02485264328940292,34.507836342070355,-7.053428567170858,53.25428366282228,-0.0025223567105970932,,,
3454,1642612343.0881963,34.94131951504833,-0.024102591962524667,34.487237591640344,-7.050867281776909,53.25966238533182,-0.002522408037475343,,,
3455,1642612343.091821,34.92317861579529,-0.019477540635646398,34.46681110557308,-7.064641595670139,53.26400898367321,-0.0025224593643535928,,,
3456,1642612343.0960412,34.90213454863444,-0.010477489308768169,34.44476848257774,-7.087533211031151,53.266347135008814,-0.002522510691231843,,,
3457,1642612343.0992916,34.88592677689252,-0.013977437981889895,34.43190304266924,-7.082574814686463,53.26946633316044,-0.0025225620181100927,,,
3458,1642612343.1033962,34.86545930837429,-0.024102386655011666,34.411371365210606,-7.077741760893237,53.27484500985366,-0.002522613344988343,,,
3459,1642612343.1079,34.84300168289165,-0.02585233532813342,34.39108579680484,-7.074512970314581,53.28061420422785,-0.0025226646718665927,,,
3460,1642612343.11074,34.82883994468364,-0.023602284001255167,34.36849488804397,-7.072111382939081,53.285881278260035,-0.002522715998744843,,,
3461,1642612343.114818,34.80850443997846,-0.013602232674376907,34.355505799142726,-7.0679802206752305,53.28891674578069,-0.0025227673256230927,,,
3462,1642612343.1180787,34.79224554711977,-0.011602181347498656,34.33519407421926,-7.063122141601607,53.291505882835764,-0.0025228186525013425,,,
3463,1642612343.1234076,34.765651368764374,-0.0204771300206204,34.31894255420177,-7.058464604434294,53.29607554905025,-0.0025228699793795927,,,
3464,1642612343.1260164,34.752608402353104,-0.024727078693742154,34.298527392140144,-7.039850638956442,53.30159363171008,-0.0025229213062578425,,,
3465,1642612343.1301317,34.73203312879938,-0.023352027366863915,34.28056206261008,-7.020270576060904,53.30680485859543,-0.0025229726331360927,,,
3466,1642612343.1333573,34.715906434175174,-0.015976976039985647,34.259320598333495,-7.017181606310019,53.31037027267182,-0.0025230239600143424,,,
3467,1642612343.138597,34.68970964448221,-0.010476924713107419,34.24293828474448,-7.0123461462628764,53.312708298012524,-0.0025230752868925926,,,
3468,1642612343.1412,34.67669528629557,-0.019476873386229148,34.22239081421163,-7.007261196379672,53.31705474745087,-0.0025231266137708424,,,
3469,1642612343.1452808,34.65629285409896,-0.025976822059350906,34.20448434224569,-7.002949706982715,53.32285172222247,-0.002523177940649092,,,
3470,1642612343.148517,34.64011371106294,-0.02585177073247267,34.183211821450456,-7.000584328439544,53.328620790601775,-0.0025232292675273424,,,
3471,1642612343.1526437,34.61948122105996,-0.0202267194055944,34.16689042641727,-6.9979195600454664,53.33313457530718,-0.002523280594405592,,,
3472,1642612343.15627,34.60132086214139,-0.010726668078716169,34.1460849478833,-6.996334092856227,53.33552833325392,-0.0025233319212838424,,,
3473,1642612343.1605215,34.57998879188947,-0.01685161675183791,34.12343320624203,-6.996311576652291,53.339288931719274,-0.002523383248162092,,,
3474,1642612343.163785,34.56361410718734,-0.024101565424959667,34.11047182345243,-6.9916202979189235,53.3446674251472,-0.0025234345750403423,,,
3475,1642612343.1679041,34.54294597250012,-0.025226514098081406,34.08993332890871,-6.988652633945524,53.35029696156501,-0.002523485901918592,,,
3476,1642612343.1714833,34.52498741268508,-0.021726462771203152,34.069301775836124,-6.9863594341633,53.35514542825863,-0.002523537228796842,,,
3477,1642612343.1749015,34.507836342070355,-0.012851411444324907,34.047096579179275,-6.982292680587693,53.358013342884675,-0.002523588555675092,,,
3478,1642612343.1790068,34.487237591640344,-0.013476360117446672,34.03409701853168,-6.977276705803598,53.36102072074774,-0.002523639882553342,,,
3479,1642612343.1830778,34.46681110557308,-0.0209763087905684,34.013398654207606,-6.972385640154935,53.36570178344981,-0.002523691209431592,,,
3480,1642612343.1874812,34.44476848257774,-0.024726257463690154,33.99713130752718,-6.968718593756016,53.37121968284434,-0.002523742536309842,,,
3481,1642612343.190061,34.43190304266924,-0.02410120613681192,33.97660235744796,-6.988145765281527,53.3765980960937,-0.0025237938631880916,,,
3482,1642612343.1941783,34.411371365210606,-0.01610115480993366,33.95865606467181,-7.010134826340173,53.38019122184302,-0.002523845190066342,,,
3483,1642612343.1982462,34.39108579680484,-0.01197610348305542,33.937593560916646,-7.005588110638657,53.38286380317705,-0.0025238965169445916,,,
3484,1642612343.2027764,34.36849488804397,-0.020601052156177163,33.9211919938221,-7.000764778918261,53.38746112379406,-0.002523947843822842,,,
3485,1642612343.2053812,34.355505799142726,-0.024226000829298905,33.90062011497859,-6.996721040857318,53.39286738616532,-0.0025239991707010916,,,
3486,1642612343.2094543,34.33519407421926,-0.023225949502420653,33.882696899607346,-6.994387366893946,53.398050477576746,-0.002524050497579342,,,
3487,1642612343.2127132,34.31894255420177,-0.017225898175542396,33.86122554175915,-6.991626189817473,53.401894600499624,-0.0025241018244575916,,,
3488,1642612343.2168071,34.298527392140144,-0.009850846848664156,33.845094173891304,-6.987205264990099,53.40409291061355,-0.0025241531513358413,,,
3489,1642612343.220402,34.28056206261008,-0.015475795521785896,33.82457562384253,-6.9583589735370595,53.40754648149321,-0.0025242044782140915,,,
3490,1642612343.2246418,34.259320598333495,-0.024225744194907653,33.80664527040959,-6.926489364490159,53.41295268659406,-0.0025242558050923413,,,
3491,1642612343.2279117,34.24293828474448,-0.025475692868029406,33.78957031741641,-6.923498541098024,53.418637829623016,-0.0025243071319705915,,,
3492,1642612343.232013,34.22239081421163,-0.021600641541151166,33.769102815737085,-6.920782353406593,53.423458218113126,-0.0025243584588488413,,,
3493,1642612343.2355871,34.20448434224569,-0.011850590214272908,33.74846580599532,-6.916643116831413,53.426102789968134,-0.002524409785727091,,,
3494,1642612343.239833,34.183211821450456,-0.01335053888739466,33.730395291565046,-6.912254231003046,53.429082089627684,-0.0025244611126053413,,,
3495,1642612343.2430909,34.16689042641727,-0.023350487560516418,33.7132224536344,-6.908239844678183,53.4342929728906,-0.002524512439483591,,,
3496,1642612343.2472436,34.1460849478833,-0.026475436233638155,33.69265229214262,-6.905423834191588,53.4402012181549,-0.0025245637663618412,,,
3497,1642612343.251767,34.12343320624203,-0.023475384906759905,33.67225402615076,-6.895973417107527,53.445439973447876,-0.002524615093240091,,,
3498,1642612343.254357,34.11047182345243,-0.01485033357988166,33.65015327498646,-6.880130493332732,53.44875396654972,-0.0025246664201183412,,,
3499,1642612343.2584615,34.08993332890871,-0.011475282253003422,33.63708493062797,-6.875530278180118,53.45131478486559,-0.002524717746996591,,,
3500,1642612343.2625844,34.069301775836124,-0.020350230926125167,33.61666115316775,-6.870506876826696,53.45585613234087,-0.0025247690738748408,,,
3501,1642612343.267022,34.047096579179275,-0.02510017959924692,33.60031973685285,-6.866529029798677,53.46145747601436,-0.002524820400753091,,,
3502,1642612343.2696197,34.03409701853168,-0.024475128272368654,33.57974631272308,-6.86446802384101,53.466919333542684,-0.0025248717276313407,,,
3503,1642612343.273756,34.013398654207606,-0.018350076945490415,33.56153371445213,-6.861212120561913,53.47101432764423,-0.002524923054509591,,,
3504,1642612343.2770069,33.99713130752718,-0.011100025618612158,33.54017255025384,-6.856313229634141,53.473491403875045,-0.0025249743813878407,,,
3505,1642612343.2811093,33.97660235744796,-0.01609997429173391,33.5238407113258,-6.851016046409917,53.4770842661805,-0.002525025708266091,,,
3506,1642612343.2847068,33.95865606467181,-0.02259992296485567,33.503267287196024,-6.861190683070486,53.48212765381923,-0.0025250770351443407,,,
3507,1642612343.2889442,33.937593560916646,-0.023974871637977405,33.48532626665693,-6.875646065757403,53.48747787432427,-0.0025251283620225905,,,
3508,1642612343.292244,33.9211919938221,-0.020099820311099165,33.46393661682503,-6.873125486618121,53.49196334029047,-0.0025251796889008407,,,
3509,1642612343.2963827,33.90062011497859,-0.011599768984220908,33.447598542325316,-6.868904343479973,53.49455193900375,-0.0025252310157790905,,,
3510,1642612343.2999885,33.882696899607346,-0.013724717657342646,33.427049034179944,-6.864032991036552,53.497614740212654,-0.0025252823426573407,,,
3511,1642612343.3043082,33.86122554175915,-0.021974666330464403,33.40901041757147,-6.859511767093958,53.50251859588988,-0.0025253336695355904,,,
3512,1642612343.3075535,33.845094173891304,-0.026349615003586173,33.391789300533155,-6.856391026348383,53.50839876295067,-0.00252538499641384,,,
3513,1642612343.3116815,33.82457562384253,-0.02459956367670792,33.37143761298348,-6.853920515446625,53.51388838942232,-0.0025254363232920904,,,
3514,1642612343.3152766,33.80664527040959,-0.014974512349829647,33.35087857131543,-6.853936795626535,53.51723009419709,-0.00252548765017034,,,
3515,1642612343.318687,33.78957031741641,-0.01359946102295141,33.32878622097867,-6.855761683606,53.520264943197375,-0.0025255389770485904,,,
3516,1642612343.322775,33.769102815737085,-0.020724409696073153,33.315887992199585,-6.850932602564212,53.52488979222202,-0.00252559030392684,,,
3517,1642612343.3268967,33.74846580599532,-0.021974358369194903,33.29553470378305,-6.8473058809894685,53.529793579174765,-0.0025256416308050904,,,
3518,1642612343.3305058,33.730395291565046,-0.020099307042316668,33.27511597836043,-6.845332399834247,53.53427893060015,-0.00252569295768334,,,
3519,1642612343.3339357,33.7132224536344,-0.014099255715438411,33.258807886683016,-6.842181628720614,53.537425313536986,-0.00252574428456159,,,
3520,1642612343.3380442,33.69265229214262,-0.009599204388560156,33.235910883375816,-6.8375529803457775,53.53956746724389,-0.00252579561143984,,,
3521,1642612343.3421183,33.67225402615076,-0.017349153061681916,33.21963610508331,-6.8325987060205655,53.54343909566624,-0.00252584693831809,,,
3522,1642612343.3465276,33.65015327498646,-0.02309910173480367,33.19922451824318,-6.8283207633989145,53.54859387979254,-0.00252589826519634,,,
3523,1642612343.3491302,33.63708493062797,-0.025224050407925407,33.182984243099334,-6.81291598091622,53.55422286641448,-0.00252594959207459,,,
3524,1642612343.3531976,33.61666115316775,-0.019973999081047154,33.16459498990436,-6.794725271908312,53.55868025417716,-0.0025260009189528396,,,
3525,1642612343.356452,33.60031973685285,-0.010348947754168909,33.143380297268635,-6.790365336990592,53.56098972024297,-0.00252605224583109,,,
3526,1642612343.3605492,33.57974631272308,-0.016348896427290663,33.126925380240316,-6.785331898169822,53.56463813188917,-0.0025261035727093396,,,
3527,1642612343.3641763,33.56153371445213,-0.02459884510041242,33.1065481882825,-6.780622754177595,53.57012759800369,-0.00252615489958759,,,
3528,1642612343.3684304,33.54017255025384,-0.026598793773534173,33.08837884404619,-6.777609878288599,53.576063371675616,-0.0025262062264658396,,,
3529,1642612343.371683,33.5238407113258,-0.021973742446655904,33.06698255354593,-6.775120856977343,53.58096702117939,-0.00252625755334409,,,
3530,1642612343.37578,33.503267287196024,-0.012473691119777674,33.05070684493656,-6.770910643084198,53.5837506439245,-0.0025263088802223396,,,
3531,1642612343.3793607,33.48532626665693,-0.012598639792899411,33.030194649303134,-6.765134782467237,53.58656215015375,-0.0025263602071005893,,,
3532,1642612343.38364,33.46393661682503,-0.021098588466021168,33.00799850284258,-6.759427783252416,53.59127050072776,-0.0025264115339788396,,,
3533,1642612343.3869088,33.447598542325316,-0.02434853713914292,32.99084579587189,-6.755916807708932,53.596704108241354,-0.0025264628608570893,,,
3534,1642612343.39102,33.427049034179944,-0.02259848581226467,32.9744124653535,-6.75347824742647,53.60174717516582,-0.0025265141877353395,,,
3535,1642612343.394629,33.40901041757147,-0.015598434485386413,32.95403929403239,-6.749867533756843,53.60522811409598,-0.0025265655146135893,,,
3536,1642612343.3980744,33.391789300533155,-0.012348383158508159,32.93754860459422,-6.745084666705886,53.60798377317839,-0.0025266168414918395,,,
3537,1642612343.402146,33.37143761298348,-0.02084833183162992,32.91446761426826,-6.740002534073382,53.612636276605556,-0.0025266681683700893,,,
3538,1642612343.4062593,33.35087857131543,-0.025348280504751672,32.89795780519016,-6.735942937400181,53.61829298635449,-0.002526719495248339,,,
3539,1642612343.410682,33.32878622097867,-0.02409822917787342,32.87758463386905,-6.733728885180114,53.62367073526717,-0.0025267708221265893,,,
3540,1642612343.4132667,33.315887992199585,-0.018098177850995167,32.86114532846318,-6.756926682164647,53.62770951569129,-0.002526822149004839,,,
3541,1642612343.4173453,33.29553470378305,-0.009848126524116908,32.8390912045178,-6.796162266395511,53.629907218738936,-0.0025268734758830892,,,
3542,1642612343.421437,33.27511597836043,-0.01572307519723865,32.82096225147209,-6.791304753721139,53.63341597242875,-0.002526924802761339,,,
3543,1642612343.424705,33.258807886683016,-0.023098023870360418,32.80484276418999,-6.786724427353465,53.63857051601936,-0.002526976129639589,,,
3544,1642612343.4292934,33.235910883375816,-0.024722972543482158,32.78463101584721,-6.783655980207921,53.64408768235272,-0.002527027456517839,,,
3545,1642612343.4325547,33.21963610508331,-0.021347921216603918,32.76543641909755,-6.7813182800330605,53.64885167390011,-0.0025270787833960888,,,
3546,1642612343.436645,33.19922451824318,-0.012472869889725674,32.74845590116453,-6.777519116956503,53.65163511337993,-0.002527130110274339,,,
3547,1642612343.4398994,33.182984243099334,-0.013847818562847412,32.72840145649836,-6.77273724946123,53.65472538572607,-0.0025271814371525887,,,
3548,1642612343.4435775,33.16459498990436,-0.02184776723596917,32.70821099737498,-6.741530228001715,53.65960092266409,-0.002527232764030839,,,
3549,1642612343.4478111,33.143380297268635,-0.025222715909090906,32.68579200564262,-6.694056843525348,53.66522961147992,-0.0025272840909090887,,,
3550,1642612343.4510949,33.126925380240316,-0.02359766458221267,32.672870505804596,-6.691968022298968,53.67049565464484,-0.0025273354177873385,,,
3551,1642612343.4551613,33.1065481882825,-0.015097613255334413,32.65255060766879,-6.68833326382069,53.67386483055684,-0.0025273867446655887,,,
3552,1642612343.4587872,33.08837884404619,-0.012472561928456175,32.63201796076127,-6.683252306633046,53.67664820131217,-0.0025274380715438385,,,
3553,1642612343.463057,33.06698255354593,-0.02109751060157792,32.60943312485902,-6.678096555778843,53.68135631135048,-0.0025274893984220887,,,
3554,1642612343.466305,33.05070684493656,-0.02622245927469966,32.59569529125083,-6.674287285552427,53.68720810240165,-0.0025275407253003384,,,
3555,1642612343.4703984,33.030194649303134,-0.02409740794782142,32.57501802298723,-6.672123711608345,53.692585668049034,-0.0025275920521785882,,,
3556,1642612343.4748275,33.00799850284258,-0.017597356620943166,32.55875827978157,-6.668863023873987,53.69651268545499,-0.0025276433790568384,,,
3557,1642612343.4782498,32.99084579587189,-0.012222305294064924,32.538091768478346,-6.667728231624414,53.69924020906349,-0.002527694705935088,,,
3558,1642612343.4815285,32.9744124653535,-0.018097253967186665,32.51975176313929,-6.666848834545487,53.703278783314154,-0.0025277460328133384,,,
3559,1642612343.4855933,32.95403929403239,-0.02397220264030841,32.50256272544927,-6.6624607890189615,53.708628408207,-0.002527797359691588,,,
3560,1642612343.4888835,32.93754860459422,-0.02547215131343016,32.481818652392846,-6.659845265913518,53.71431276090438,-0.0025278486865698384,,,
3561,1642612343.4934886,32.91446761426826,-0.020347099986551917,32.46138853981371,-6.657429472739023,53.71885340968073,-0.002527900013448088,,,
3562,1642612343.4967825,32.89795780519016,-0.011097048659673661,32.443334021720524,-6.653415932367126,53.721329821574855,-0.002527951340326338,,,
3563,1642612343.5008473,32.87758463386905,-0.014096997332795413,32.42606380793752,-6.648653453445036,53.72447570053214,-0.002528002667204588,,,
3564,1642612343.5041273,32.86114532846318,-0.021971946005917155,32.40574710313535,-6.643965879653994,53.72937894914309,-0.002528053994082838,,,
3565,1642612343.5085444,32.8390912045178,-0.024096894679038923,32.385237008229296,-6.651802410789982,53.734756400249665,-0.002528105320961088,,,
3566,1642612343.512199,32.82096225147209,-0.022721843352160657,32.363036919364234,-6.667727322216209,53.73982699558176,-0.002528156647839338,,,
3567,1642612343.5154483,32.80484276418999,-0.015221792025282399,32.350151089095256,-6.663947187587533,53.74322388316668,-0.002528207974717588,,,
3568,1642612343.5195227,32.78463101584721,-0.01159674069840416,32.32968899444712,-6.659038776319588,53.74581180608919,-0.002528259301595838,,,
3569,1642612343.523392,32.76543641909755,-0.018846689371525917,32.31333239354947,-6.65403008317043,53.75001762397429,-0.0025283106284740876,,,
3570,1642612343.526815,32.74845590116453,-0.023721638044647657,32.287158979425044,-6.650249979428847,53.7553113329958,-0.002528361955352338,,,
3571,1642612343.5308576,32.72840145649836,-0.023346586717769423,32.273682404977144,-6.647823830307784,53.760521345748586,-0.0025284132822305876,,,
3572,1642612343.5349276,32.70821099737498,-0.01647153539089115,32.25324645997073,-6.644269404543896,53.764197125445286,-0.002528464609108838,,,
3573,1642612343.5394292,32.68579200564262,-0.010471484064012923,32.23693740387622,-6.6267618277927625,53.76653393665343,-0.0025285159359870876,,,
3574,1642612343.5420067,32.672870505804596,-0.018221432737134655,32.214833041406564,-6.6015167858977115,53.77060022257703,-0.002528567262865338,,,
3575,1642612343.54606,32.65255060766879,-0.02547138141025641,32.197866739420654,-6.59740595512539,53.776284403463194,-0.0025286185897435876,,,
3576,1642612343.5501559,32.63201796076127,-0.025846330083378173,32.181618316024824,-6.595091547131851,53.782052257709935,-0.0025286699166218373,,,
3577,1642612343.554661,32.60943312485902,-0.01909627875649992,32.16036265960134,-6.592328046244126,53.78631377383881,-0.0025287212435000875,,,
3578,1642612343.5574014,32.59569529125083,-0.010846227429621661,32.13969468415342,-6.588017644816667,53.788734212591216,-0.0025287725703783373,,,
3579,1642612343.561526,32.57501802298723,-0.016346176102743415,32.121355932084306,-6.583033598936358,53.792382017171136,-0.0025288238972565875,,,
3580,1642612343.5647695,32.55875827978157,-0.02422112477586516,32.10403845488129,-6.578448766080495,53.797787191404716,-0.0025288752241348373,,,
3581,1642612343.568892,32.538091768478346,-0.02647107344898691,32.083683431497604,-6.575560555305341,53.80369446307215,-0.002528926551013087,,,
3582,1642612343.5725524,32.51975176313929,-0.021971022122108656,32.06715550129632,-6.595406321204541,53.80859750550964,-0.0025289778778913373,,,
3583,1642612343.5759854,32.50256272544927,-0.013095970795230413,32.04414602495606,-6.599159819321249,53.81151999587956,-0.002529029204769587,,,
3584,1642612343.5801284,32.481818652392846,-0.012095919468352163,32.027519555609125,-6.5946546887369974,53.814219315289655,-0.0025290805316478373,,,
3585,1642612343.5842087,32.46138853981371,-0.02009586814147392,32.00710807325037,-6.590074381807451,53.818703899291634,-0.002529131858526087,,,
3586,1642612343.5878146,32.443334021720524,-0.02384581681459567,31.990854991929105,-6.586822382319105,53.82402531998608,-0.0025291831854043372,,,
3587,1642612343.5912638,32.42606380793752,-0.02347076548771741,31.96836014708316,-6.5846230059538895,53.82926304441178,-0.002529234512282587,,,
3588,1642612343.5953214,32.40574710313535,-0.01497071416083915,31.95132699396304,-6.580944969472204,53.83260390158458,-0.0025292858391608368,,,
3589,1642612343.5994177,32.385237008229296,-0.009970662833960925,31.935029914689707,-6.575888521712379,53.834828949774554,-0.002529337166039087,,,
3590,1642612343.6038587,32.363036919364234,-0.01884561150708267,31.91452686902529,-6.574375689072105,53.83903452712394,-0.0025293884929173368,,,
3591,1642612343.6064434,32.350151089095256,-0.02447056018020441,31.892421836763223,-6.576203443962976,53.84449536523908,-0.002529439819795587,,,
3592,1642612343.6105478,32.32968899444712,-0.02497050885332616,31.87534258168071,-6.573925728666304,53.850067771653,-0.0025294911466738367,,,
3593,1642612343.6138287,32.31333239354947,-0.01884545752644792,31.859086237240774,-6.571095878417201,53.85427331464015,-0.0025295424735520865,,,
3594,1642612343.6190786,32.287158979425044,-0.012095406199569662,31.83861321792091,-6.566785285288779,53.85697251950944,-0.0025295938004303367,,,
3595,1642612343.6217818,32.273682404977144,-0.017720354872691402,31.822368748093417,-6.5619978497455,53.86092698514446,-0.0025296451273085865,,,
3596,1642612343.625881,32.25324645997073,-0.025595303545813176,31.799504181826727,-6.557737472252924,53.86663882043315,-0.0025296964541868367,,,
3597,1642612343.6291523,32.23693740387622,-0.02547025221893491,31.78320390132074,-6.555259028387629,53.87232274932954,-0.0025297477810650865,,,
3598,1642612343.6335778,32.214833041406564,-0.02059520089205667,31.76289475165264,-6.552730399806557,53.87691876418134,-0.0025297991079433367,,,
3599,1642612343.6369643,32.197866739420654,-0.011595149565178412,31.746557659848065,-6.520788095796585,53.879506332027354,-0.0025298504348215864,,,
3600,1642612343.6402075,32.181618316024824,-0.013845098238300164,31.7235799102875,-6.5063960198729625,53.88259599730721,-0.002529901761699836,,,
3601,1642612343.6444502,32.16036265960134,-0.02159504691142192,31.707191370859103,-6.501486085154595,53.88741513730252,-0.0025299530885780864,,,
3602,1642612343.6485755,32.13969468415342,-0.024969995584543662,31.686839152762566,-6.498273105949049,53.89298742917563,-0.002530004415456336,,,
3603,1642612343.652236,32.121355932084306,-0.02296994425766541,31.67057481417222,-6.49623302562598,53.89811339058318,-0.0025300557423345864,,,
3604,1642612343.6556926,32.10403845488129,-0.01446989293078715,31.648394216430933,-6.4926457407533835,53.901342484737796,-0.002530107069212836,,,
3605,1642612343.6597555,32.083683431497604,-0.011219841603908926,31.631176875256322,-6.4880103528739514,53.90384629904467,-0.0025301583960910864,,,
3606,1642612343.6630545,32.06715550129632,-0.01834479027703067,31.610663434918088,-6.483325065087265,53.9079401133759,-0.002530209722969336,,,
3607,1642612343.6676626,32.04414602495606,-0.022469738950152408,31.594202046921218,-6.47929562514219,53.91295444921424,-0.002530261049847586,,,
3608,1642612343.6709962,32.027519555609125,-0.02284468762327417,31.57162522407353,-6.47627882445065,53.918052458413165,-0.002530312376725836,,,
3609,1642612343.6750886,32.00710807325037,-0.016219636296395903,31.55453018283976,-6.472991417327034,53.92167202443244,-0.002530363703604086,,,
3610,1642612343.6783473,31.990854991929105,-0.010969584969517675,31.538146987101367,-6.468331643811478,53.92411999159248,-0.002530415030482336,,,
3611,1642612343.6828575,31.96836014708316,-0.018344533642639417,31.51772323211657,-6.463247691397282,53.92821374865329,-0.002530466357360586,,,
3612,1642612343.6862726,31.95132699396304,-0.02521948231576116,31.49139330938909,-6.4590620321207375,53.93384171586204,-0.002530517684238836,,,
3613,1642612343.6895401,31.935029914689707,-0.024844430988882924,31.47809039810133,-6.457097138013209,53.93938598680205,-0.002530569011117086,,,
3614,1642612343.693651,31.91452686902529,-0.019719379662004655,31.46173108979567,-6.454832826520013,53.94378655382103,-0.0025306203379953356,,,
3615,1642612343.6980853,31.892421836763223,-0.011344328335126413,31.441281058634864,-6.450697102586068,53.94631814852531,-0.002530671664873586,,,
3616,1642612343.7015145,31.87534258168071,-0.014094277008248165,31.425002967600488,-6.44614707544335,53.94946342041631,-0.0025307229917518356,,,
3617,1642612343.7047784,31.859086237240774,-0.021469225681369906,31.40206514421769,-6.441705048724017,53.95425448220811,-0.002530774318630086,,,
3618,1642612343.708889,31.83861321792091,-0.023844174354491675,31.38542877950402,-6.438642077689322,53.959575536371965,-0.0025308256455083356,,,
3619,1642612343.7121506,31.822368748093417,-0.021219123027613408,31.36498981714151,-6.436327741422057,53.96431078537916,-0.0025308769723865854,,,
3620,1642612343.7167413,31.799504181826727,-0.012344071700735164,31.348776228673973,-6.432466258061669,53.96706548231879,-0.0025309282992648356,,,
3621,1642612343.720014,31.78320390132074,-0.012594020373856915,31.32661510996422,-6.4275816647727275,53.96987595768076,-0.0025309796261430853,,,
3622,1642612343.7240918,31.76289475165264,-0.02034396904697867,31.309430569270393,-6.422796898332437,53.974415907758186,-0.0025310309530213355,,,
3623,1642612343.727372,31.746557659848065,-0.02546891772010041,31.28896652696108,-6.419259849669946,53.98009953884848,-0.0025310822798995853,,,
3624,1642612343.7319658,31.7235799102875,-0.024593866393222176,31.272459144830975,-6.420318447452091,53.98558789391716,-0.002531133606777835,,,
3625,1642612343.7352376,31.707191370859103,-0.016093815066343917,31.2503847828276,-6.422281859042804,53.989179381732924,-0.0025311849336560853,,,
3626,1642612343.7393007,31.686839152762566,-0.010218763739465677,31.233401423104556,-6.417590541361586,53.99145979599835,-0.002531236260534335,,,
3627,1642612343.7425478,31.67057481417222,-0.017968712412587406,31.21292478665196,-6.4127493042188055,53.995469684979234,-0.0025312875874125853,,,
3628,1642612343.746976,31.648394216430933,-0.02321866108570916,31.196571147008534,-6.408632737666097,54.00065114991119,-0.002531338914290835,,,
3629,1642612343.7504132,31.631176875256322,-0.02346860975883091,31.170190884809514,-6.406515244352147,54.00588839326551,-0.0025313902411690853,,,
3630,1642612343.7545085,31.610663434918088,-0.01884355843195267,31.15726492605401,-6.404097901852494,54.01009351245167,-0.002531441568047335,,,
3631,1642612343.7577949,31.594202046921218,-0.012843507105074415,31.136375632125002,-6.399881412930788,54.012959663149275,-0.002531492894925585,,,
3632,1642612343.762302,31.57162522407353,-0.016468455778196153,31.12015199151316,-6.394865309081927,54.01663475560113,-0.002531544221803835,,,
3633,1642612343.7657144,31.55453018283976,-0.023343404451317926,31.099535814815653,-6.408373047511946,54.0218440582009,-0.0025315955486820848,,,
3634,1642612343.7689848,31.538146987101367,-0.025468353124439663,31.081375121984284,-6.427290514552677,54.0275275632963,-0.002531646875560335,,,
3635,1642612343.7730618,31.51772323211657,-0.020968301797561407,31.064235834834992,-6.424681843791131,54.03220683916177,-0.0025316982024385848,,,
3636,1642612343.7783177,31.49139330938909,-0.009843250470683162,31.04401285074458,-6.420488924076693,54.034403454071736,-0.002531749529316835,,,
3637,1642612343.7809732,31.47809039810133,-0.011343199143804914,31.02771026230414,-6.415591899448608,54.03693479678624,-0.0025318008561950847,,,
3638,1642612343.7842388,31.46173108979567,-0.020718147816926658,31.004915555553378,-6.4111978246032155,54.041558248413025,-0.0025318521830733345,,,
3639,1642612343.788321,31.441281058634864,-0.024593096490048427,30.9884126808781,-6.408211990554763,54.0470464316705,-0.0025319035099515847,,,
3640,1642612343.7915704,31.425002967600488,-0.022843045163170175,30.968126885128243,-6.406131457849246,54.052144074338834,-0.0025319548368298345,,,
3641,1642612343.7961495,31.40206514421769,-0.015342993836291917,30.951927402619344,-6.3712713352936925,54.05556800926,-0.0025320061637080847,,,
3642,1642612343.7994707,31.38542877950402,-0.011592942509413664,30.92986435118213,-6.315785816608582,54.058155084580534,-0.0025320574905863345,,,
3643,1642612343.803551,31.36498981714151,-0.019342891182535422,30.912618235030585,-6.310752890215871,54.06247163461652,-0.0025321088174645847,,,
3644,1642612343.8067877,31.348776228673973,-0.02446783985565716,30.892058790146045,-6.3067129863787486,54.06793186566537,-0.0025321601443428344,,,
3645,1642612343.8112118,31.32661510996422,-0.023967788528778913,30.87570223073043,-6.3044356896766605,54.07328050550726,-0.002532211471221084,,,
3646,1642612343.8146424,31.309430569270393,-0.017717737201900657,30.853177597753163,-6.301612246370308,54.07723438698417,-0.0025322627980993344,,,
3647,1642612343.8187277,31.28896652696108,-0.011467685875022428,30.83593628352732,-6.297224818787179,54.07979351009609,-0.002532314124977584,,,
3648,1642612343.8220232,31.272459144830975,-0.017342634548144168,30.815291604461606,-6.292266419288956,54.083663683850176,-0.0025323654518558344,,,
3649,1642612343.8264322,31.2503847828276,-0.023467583221265912,30.79884620942054,-6.294914874385897,54.08890069812288,-0.002532416778734084,,,
3650,1642612343.8298273,31.233401423104556,-0.02421753189438766,30.763798401677345,-6.340956502312886,54.094305070570805,-0.002532468105612334,,,
3651,1642612343.8339207,31.21292478665196,-0.02059248056750942,30.759829824827953,-6.338859522156317,54.09890047835632,-0.002532519432490584,,,
3652,1642612343.83719,31.196571147008534,-0.010592429240631165,30.741750488074477,-6.334984397756102,54.10126427963031,-0.002532570759368834,,,
3653,1642612343.8424635,31.170190884809514,-0.012092377913752915,30.721325704553337,-6.330232728588119,54.10396280870883,-0.002532622086247084,,,
3654,1642612343.8450475,31.15726492605401,-0.021092326586874672,30.70500753533722,-6.325255669835523,54.108669761884975,-0.002532673413125334,,,
3655,1642612343.8492234,31.136375632125002,-0.025092275259996428,30.685936946854945,-6.321731198306958,54.11426934163003,-0.002532724740003584,,,
3656,1642612343.8524666,31.12015199151316,-0.024467223933118162,30.664626819652863,-6.3191333809703485,54.11972943522991,-0.002532776066881834,,,
3657,1642612343.856588,31.099535814815653,-0.016217172606239904,30.648288420809628,-6.315208219129886,54.1233484514533,-0.0025328273937600836,,,
3658,1642612343.8602288,31.081375121984284,-0.01296712127936168,30.627918376279517,-6.3074075457235415,54.12624218782895,-0.002532878720638334,,,
3659,1642612343.8636768,31.064235834834992,-0.020842069952483423,30.605237595218735,-6.297381849616958,54.13089329385826,-0.0025329300475165836,,,
3660,1642612343.8677452,31.04401285074458,-0.024342018625605175,30.588207908970215,-6.29356168711564,54.136325446703594,-0.002532981374394834,,,
3661,1642612343.8710248,31.02771026230414,-0.021841967298726925,30.571788255560094,-6.291292344715799,54.14119968933049,-0.0025330327012730836,,,
3662,1642612343.8756106,31.004915555553378,-0.014841915971848668,30.551462962219755,-6.2880975292997165,54.144511803963084,-0.0025330840281513334,,,
3663,1642612343.8789306,30.9884126808781,-0.010341864644970413,30.529193189207017,-6.283577031882024,54.14681968936574,-0.0025331353550295836,,,
3664,1642612343.8830116,30.968126885128243,-0.018341813318092173,30.51618828992747,-6.278756387992608,54.15091283936029,-0.0025331866819078334,,,
3665,1642612343.8862705,30.951927402619344,-0.023966761991213913,30.49580461453814,-6.2746111070423725,54.156261250120565,-0.0025332380087860836,,,
3666,1642612343.8906875,30.92986435118213,-0.025341710664335677,30.475429279441524,-6.27234181599627,54.161916493747164,-0.0025332893356643333,,,
3667,1642612343.8941126,30.912618235030585,-0.02034165933745742,30.459202644234182,-6.2605034727529825,54.16645592839095,-0.0025333406625425835,,,
3668,1642612343.8981957,30.892058790146045,-0.01146660801057918,30.43629429043343,-6.253273967985572,54.16901481096717,-0.0025333919894208333,,,
3669,1642612343.9014442,30.87570223073043,-0.014216556683700903,30.41987291213047,-6.248462975646674,54.172187370730114,-0.002533443316299083,,,
3670,1642612343.9059176,30.853177597753163,-0.022091505356822673,30.39944975555986,-6.2437768097983986,54.17711730014671,-0.0025334946431773333,,,
3671,1642612343.9093418,30.83593628352732,-0.024966454029944414,30.383159700529408,-6.240613412348627,54.18268880168825,-0.002533545970055583,,,
3672,1642612343.913442,30.815291604461606,-0.021591402703066174,30.36483652247097,-6.238198922599702,54.18750712844382,-0.0025335972969338333,,,
3673,1642612343.916708,30.79884620942054,-0.012591351376187917,30.345478278255598,-6.234236721702225,54.1903170081936,-0.002533648623812083,,,
3674,1642612343.9236763,30.763798401677345,-0.01046630004930968,30.32505631553292,-6.229101258386084,54.19265266253959,-0.0025336999506903332,,,
3675,1642612343.9244714,30.759829824827953,-0.019341248722431422,30.30463196511438,-6.244568584984012,54.19696884604499,-0.002533751277568583,,,
3676,1642612343.9280937,30.741750488074477,-0.02371619739555316,30.286621429418847,-6.264435541378503,54.202261340933944,-0.002533802604446833,,,
3677,1642612343.932186,30.721325704553337,-0.02484114606867493,30.269296470584163,-6.261978802774356,54.20780487881278,-0.002533853931325083,,,
3678,1642612343.9354553,30.70500753533722,-0.01759109474179667,30.24885029268607,-6.2586924326318,54.211730498820884,-0.0025339052582033328,,,
3679,1642612343.9392762,30.685936946854945,-0.012966043414918431,30.23249500995995,-6.254073617705929,54.214623994660826,-0.002533956585081583,,,
3680,1642612343.9435458,30.664626819652863,-0.019590992088040174,30.210460365086934,-6.2490022811793855,54.218995910772264,-0.0025340079119598327,,,
3681,1642612343.9468193,30.648288420809628,-0.024340940761161927,30.193476808109548,-6.245062284783544,54.2244278230819,-0.0025340592388380825,,,
3682,1642612343.9509006,30.627918376279517,-0.025215889434283663,30.173037742750147,-6.243032989054987,54.23005498850499,-0.0025341105657163327,,,
3683,1642612343.9554427,30.605237595218735,-0.019090838107405424,30.15684960468333,-6.226243803033514,54.23431529050131,-0.0025341618925945825,,,
3684,1642612343.9588504,30.588207908970215,-0.011340786780527166,30.13020810390656,-6.190866047403627,54.23684609487401,-0.0025342132194728327,,,
3685,1642612343.962136,30.571788255560094,-0.015965735453648905,30.117111156460453,-6.186106171881558,54.240409000506716,-0.0025342645463510825,,,
3686,1642612343.9662032,30.551462962219755,-0.022590684126770677,30.10078534815601,-6.1820201690132714,54.2454503264109,-0.0025343158732293327,,,
3687,1642612343.9706595,30.529193189207017,-0.024090632799892427,30.080153595970213,-6.1794066905442335,54.25082638011962,-0.0025343672001075825,,,
3688,1642612343.9732618,30.51618828992747,-0.02071558147301416,30.057747403238746,-6.17689305379111,54.255449259042365,-0.0025344185269858322,,,
3689,1642612343.9773407,30.49580461453814,-0.011340530146135916,30.040442428549746,-6.172832039534658,54.25798000614467,-0.0025344698538640824,,,
3690,1642612343.981418,30.475429279441524,-0.01196547881925768,30.023851528858263,-6.167722805114602,54.26065021648398,-0.002534521180742332,,,
3691,1642612343.984665,30.459202644234182,-0.02096542749237941,30.003404863001258,-6.1628382017428045,54.26532885092092,-0.0025345725076205824,,,
3692,1642612343.989242,30.43629429043343,-0.02409037616550118,29.987144730490897,-6.156789331889213,54.27070484735924,-0.002534623834498832,,,
3693,1642612343.9925215,30.41987291213047,-0.023465324838622913,29.964796038855013,-6.150216731821738,54.275941357652385,-0.002534675161377082,,,
3694,1642612343.9966002,30.39944975555986,-0.01584027351174467,29.947709661273887,-6.147058216238303,54.27947626526014,-0.002534726488255332,,,
3695,1642612343.9998534,30.383159700529408,-0.012090222184866417,29.927269614312376,-6.14227948307165,54.28217431326727,-0.002534777815133582,,,
3696,1642612344.0035126,30.36483652247097,-0.019840170857988174,29.910834840942414,-6.137326274064903,54.28660183598985,-0.002534829142011832,,,
3697,1642612344.0073786,30.345478278255598,-0.025715119531109915,29.888543998900392,-6.133419991731985,54.292340409354594,-0.002534880468890082,,,
3698,1642612344.011457,30.32505631553292,-0.02559006820423168,29.87133208289326,-6.131183800618966,54.29805107632704,-0.002534931795768332,,,
3699,1642612344.0155358,30.30463196511438,-0.018840016877353424,29.850894427139867,-6.128174895702716,54.30225540518163,-0.002534983122646582,,,
3700,1642612344.0191445,30.286621429418847,-0.01221496555047518,29.834264770308582,-6.141024321597109,54.304981290856574,-0.0025350344495248317,,,
3701,1642612344.022629,30.269296470584163,-0.016339914223596923,29.811759497859537,-6.165628218845705,54.30862769803864,-0.002535085776403082,,,
3702,1642612344.0267413,30.24885029268607,-0.022964862896718664,29.794724950703355,-6.161239885247692,54.313752525492184,-0.0025351371032813316,,,
3703,1642612344.0300307,30.23249500995995,-0.025214811569840415,29.778469932521304,-6.158459107152425,54.31937945037958,-0.002535188430159582,,,
3704,1642612344.0344625,30.210460365086934,-0.019589760242962176,29.758197433203165,-6.155979754093995,54.32375109159307,-0.0025352397570378316,,,
3705,1642612344.0378783,30.193476808109548,-0.010089708916083916,29.73215380918156,-6.151867748266503,54.3260027060479,-0.002535291083916082,,,
3706,1642612344.041989,30.173037742750147,-0.012714657589205682,29.719197254543023,-6.146901744371852,54.32884010275123,-0.0025353424107943316,,,
3707,1642612344.045245,30.15684960468333,-0.021214606262327414,29.702937490370264,-6.142136693938442,54.33357434379931,-0.0025353937376725814,,,
3708,1642612344.050591,30.13020810390656,-0.02383955493544918,29.682659058563736,-6.139004316902399,54.338894367095904,-0.0025354450645508316,,,
3709,1642612344.053206,30.117111156460453,-0.02046450360857091,29.662111291784413,-6.111617930167353,54.343461215606524,-0.0025354963914290814,,,
3710,1642612344.0564656,30.10078534815601,-0.013089452281692669,29.64412210177228,-6.079326281644996,54.346382251308185,-0.0025355477183073316,,,
3711,1642612344.060585,30.080153595970213,-0.012589400954814419,29.62699386730172,-6.074379106832424,54.349191695802894,-0.0025355990451855813,,,
3712,1642612344.0650587,30.057747403238746,-0.020339349627936175,29.60640862387519,-6.069481736218319,54.35373061501305,-0.0025356503720638315,,,
3713,1642612344.0685139,30.040442428549746,-0.02558929830105793,29.59004169747111,-6.065779431203352,54.35944111017429,-0.0025357016989420813,,,
3714,1642612344.0718265,30.023851528858263,-0.024464246974179666,29.56705641839475,-6.063620749605547,54.36490053943748,-0.002535753025820331,,,
3715,1642612344.075909,30.003404863001258,-0.015714195647301407,29.550549440035045,-6.060665374646457,54.36840731157132,-0.0025358043526985813,,,
3716,1642612344.0791554,29.987144730490897,-0.008839144320423166,29.53002883597265,-6.056191293703866,54.37037985064908,-0.002535855679576831,,,
3717,1642612344.0836155,29.964796038855013,-0.015839092993544922,29.513608043431795,-6.07174348505083,54.37391449481298,-0.0025359070064550813,,,
3718,1642612344.0870228,29.947709661273887,-0.023964041666666665,29.491154893678555,-6.102539905411008,54.37926229850697,-0.002535958333333331,,,
3719,1642612344.0910988,29.927269614312376,-0.02483899033978843,29.47405878167676,-6.1001856248365725,54.38480535531442,-0.002536009660211581,,,
3720,1642612344.094376,29.910834840942414,-0.019588939012910176,29.45363430706642,-6.097504728771826,54.38917681326262,-0.002536060987089831,,,
3721,1642612344.0988212,29.888543998900392,-0.011213887686031931,29.43731987395238,-6.0931153388143375,54.39167929889612,-0.002536112313968081,,,
3722,1642612344.1022534,29.87133208289326,-0.01508883635915367,29.411203021523637,-6.088173207810064,54.395046516160306,-0.002536163640846331,,,
3723,1642612344.106329,29.850894427139867,-0.02308878503227543,29.398246604997194,-6.0836079630547575,54.40019899801637,-0.0025362149677245808,,,
3724,1642612344.1096451,29.834264770308582,-0.02458873370539718,29.382080441778406,-6.080675857637409,54.40568620767698,-0.0025362662946028305,,,
3725,1642612344.1141458,29.811759497859537,-0.021838682378518926,29.361640547098958,-6.0785728895799584,54.410559717242705,-0.0025363176214810807,,,
3726,1642612344.1175687,29.794724950703355,-0.01383863105164067,29.341367900861346,-6.052788770538801,54.413647939308376,-0.0025363689483593305,,,
3727,1642612344.120835,29.778469932521304,-0.012338579724762419,29.32343041754267,-6.023566356755876,54.41640141066136,-0.0025364202752375807,,,
3728,1642612344.1249087,29.758197433203165,-0.02046352839788416,29.3062578702315,-6.018961188392886,54.42096804154444,-0.0025364716021158305,,,
3729,1642612344.130142,29.73215380918156,-0.024713477071005914,29.28581863037482,-6.015303499410429,54.42648308887286,-0.0025365229289940807,,,
3730,1642612344.1327455,29.719197254543023,-0.023713425744127666,29.26535428969726,-6.013216624772274,54.43177496524145,-0.0025365742558723305,,,
3731,1642612344.1360128,29.702937490370264,-0.015588374417249421,29.2472649647855,-6.01000775744021,54.43525365917178,-0.0025366255827505802,,,
3732,1642612344.1400876,29.682659058563736,-0.010213323090371181,29.230033848892287,-6.00522809623897,54.437532859304646,-0.0025366769096288305,,,
3733,1642612344.1442165,29.662111291784413,-0.018338271763492925,29.209509744355497,-6.000149244493495,54.441625218967616,-0.0025367282365070802,,,
3734,1642612344.1478164,29.64412210177228,-0.02483822043661468,29.188875674317725,-6.003209914718659,54.44716810396385,-0.0025367795633853304,,,
3735,1642612344.151228,29.62699386730172,-0.02458816910973643,29.17078698312084,-6.009433506135447,54.45265518762956,-0.00253683089026358,,,
3736,1642612344.155328,29.60640862387519,-0.018588117782858175,29.153629858620086,-6.006816198551965,54.456803302806726,-0.0025368822171418304,,,
3737,1642612344.158588,29.59004169747111,-0.010838066455979917,29.131083117674923,-6.002873941664849,54.45922192036028,-0.00253693354402008,,,
3738,1642612344.163166,29.56705641839475,-0.014838015129101672,29.114640078608847,-5.998431710301825,54.462533164482736,-0.00253698487089833,,,
3739,1642612344.1664538,29.550549440035045,-0.022462963802223415,29.091614101695832,-5.99383949378008,54.46754598838242,-0.00253703619777658,,,
3740,1642612344.170541,29.53002883597265,-0.02483791247534518,29.07851856162907,-5.990947235649835,54.47308880465417,-0.00253708752465483,,,
3741,1642612344.1738117,29.513608043431795,-0.020587861148466925,29.057237861972112,-5.988529973286769,54.47768318157242,-0.00253713885153308,,,
3742,1642612344.178299,29.491154893678555,-0.011712809821588684,29.0407340243131,-5.984662765438836,54.48029700642309,-0.00253719017841133,,,
3743,1642612344.1817353,29.47405878167676,-0.01333775849471042,29.020018393931664,-5.982809813007815,54.483273454016526,-0.00253724150528958,,,
3744,1642612344.1858406,29.45363430706642,-0.021837707167832177,29.001468443049284,-5.981628937783315,54.48814674595471,-0.00253729283216783,,,
3745,1642612344.1891198,29.43731987395238,-0.02458765584095393,28.98424913135364,-5.978458267157369,54.49363371507962,-0.0025373441590460797,,,
3746,1642612344.1943693,29.411203021523637,-0.022712604514075665,28.96388842655612,-5.9764888857127065,54.498702248677176,-0.00253739548592433,,,
3747,1642612344.1969736,29.398246604997194,-0.014587553187197422,28.943269313000787,-5.97296786262636,54.501957599836466,-0.0025374468128025796,,,
3748,1642612344.200223,29.382080441778406,-0.010462501860319181,28.925058045105803,-5.968170490976355,54.504292406580475,-0.00253749813968083,,,
3749,1642612344.2043314,29.361640547098958,-0.019712450533440912,28.907853023295385,-5.963373129603047,54.50869142729855,-0.0025375494665590796,,,
3750,1642612344.2084062,29.341367900861346,-0.02358739920656268,28.887473265317567,-5.959501764329311,54.51395517964731,-0.0025376007934373294,,,
3751,1642612344.2119987,29.32343041754267,-0.02308734787968443,28.871120873325548,-5.923758963064051,54.51910734078911,-0.0025376521203155796,,,
3752,1642612344.215424,29.3062578702315,-0.018337296552806175,28.84804804740556,-5.910133352005306,54.52319948282455,-0.0025377034471938294,,,
3753,1642612344.219501,29.28581863037482,-0.010462245225927931,28.831657292418782,-5.905645234733462,54.525534232298156,-0.0025377547740720796,,,
3754,1642612344.223583,29.26535428969726,-0.016087193899049675,28.810993974771304,-5.900213246672425,54.5291242425375,-0.0025378061009503293,,,
3755,1642612344.2271912,29.2472649647855,-0.023962142572171417,28.79460801906862,-5.8954270821182595,54.53447162243051,-0.0025378574278285796,,,
3756,1642612344.2306283,29.230033848892287,-0.025462091245293167,28.77196499673421,-5.892801918442533,54.540153730128054,-0.0025379087547068293,,,
3757,1642612344.2347221,29.209509744355497,-0.021462039918414916,28.754775160946526,-5.8906238664877,54.54494318834854,-0.002537960081585079,,,
3758,1642612344.238838,29.188875674317725,-0.01133698859153667,28.73417423399221,-5.886781613517675,54.54747314511927,-0.0025380114084633293,,,
3759,1642612344.2424505,29.17078698312084,-0.01308693726465842,28.717748684195787,-5.895692004459614,54.550393619570976,-0.002538062735341579,,,
3760,1642612344.2458818,29.153629858620086,-0.019711885937780164,28.68281507745733,-5.984177322551969,54.554792514294164,-0.0025381140622198293,,,
3761,1642612344.250391,29.131083117674923,-0.022211834610901916,28.67893418326596,-5.981176041108522,54.55974929632763,-0.002538165389098079,,,
3762,1642612344.2536795,29.114640078608847,-0.022961783284023665,28.661009944044395,-5.979363293884687,54.56487343653633,-0.002538216715976329,,,
3763,1642612344.2582846,29.091614101695832,-0.014461731957145408,28.640958460967553,-5.976159731283183,54.568100709492114,-0.002538268042854579,,,
3764,1642612344.2609036,29.07851856162907,-0.01208668063026717,28.625156751487463,-5.971236612667301,54.570797967167664,-0.002538319369732829,,,
3765,1642612344.2651596,29.057237861972112,-0.019336629303388926,28.603160696465352,-5.9659594760611006,54.57511311980579,-0.002538370696611079,,,
3766,1642612344.2684603,29.0407340243131,-0.02396157797651067,28.587164529790734,-5.961668571740775,54.580460373703914,-0.002538422023489329,,,
3767,1642612344.2726033,29.020018393931664,-0.023961526649632418,28.567278040697126,-5.959173107424622,54.58580761614796,-0.002538473350367579,,,
3768,1642612344.276315,29.001468443049284,-0.015836475322754173,28.547235985847898,-5.9102290227971315,54.58934167615374,-0.0025385246772458288,,,
3769,1642612344.2797625,28.98424913135364,-0.009836423995875919,28.530080172544256,-5.859691812362132,54.59153676767096,-0.0025385760041240785,,,
3770,1642612344.283839,28.96388842655612,-0.017586372668997676,28.509166121157342,-5.854894536851124,54.59546133390363,-0.0025386273310023287,,,
3771,1642612344.2879672,28.943269313000787,-0.023961321342119417,28.49305444924412,-5.850844194528435,54.600808530531346,-0.0025386786578805785,,,
3772,1642612344.2916133,28.925058045105803,-0.023961270015241166,28.472863388186745,-5.848536682684789,54.60615571570498,-0.0025387299847588287,,,
3773,1642612344.295058,28.907853023295385,-0.019336218688362928,28.451484899303374,-5.845880617013809,54.610470776710464,-0.0025387813116370785,,,
3774,1642612344.2991383,28.887473265317567,-0.010336167361484669,28.434566446790633,-5.841606228470296,54.61277739071016,-0.0025388326385153287,,,
3775,1642612344.3024123,28.871120873325548,-0.013211116034606436,28.414376582737113,-5.8367592092117295,54.615725576834784,-0.0025388839653935785,,,
3776,1642612344.3070056,28.84804804740556,-0.02258606470772818,28.398278077866316,-5.839154829388334,54.6207658718717,-0.0025389352922718282,,,
3777,1642612344.3102627,28.831657292418782,-0.027336013380849934,28.37694727278785,-5.846397642896642,54.626866163106826,-0.0025389866191500784,,,
3778,1642612344.3143687,28.810993974771304,-0.02408596205397168,28.360121103017537,-5.8438587146888015,54.63224117449419,-0.0025390379460283282,,,
3779,1642612344.3176248,28.79460801906862,-0.013210910727093435,28.339888642388633,-5.839846553823409,54.6351893148025,-0.0025390892729065784,,,
3780,1642612344.3221242,28.77196499673421,-0.010960859400215184,28.319736147242395,-5.8348605646769744,54.637635334768795,-0.002539140599784828,,,
3781,1642612344.32554,28.754775160946526,-0.019335808073336926,28.298472489941513,-5.830124287971035,54.64195030414163,-0.0025391919266630784,,,
3782,1642612344.3296337,28.73417423399221,-0.02258575674645868,28.281627223936535,-5.826611562242484,54.64699053045406,-0.002539243253541328,,,
3783,1642612344.3328977,28.717748684195787,-0.021710705419580416,28.265513582422212,-5.824522149237205,54.65183548074488,-0.002539294580419578,,,
3784,1642612344.3398552,28.68281507745733,-0.014835654092702173,28.245408827862637,-5.821159265327537,54.65514619797962,-0.002539345907297828,,,
3785,1642612344.3406403,28.67893418326596,-0.008960602765823932,28.225282590039065,-5.813370181982524,54.65714584166402,-0.002539397234176078,,,
3786,1642612344.3442664,28.661009944044395,-0.015835551438945675,28.208014407330467,-5.805335594235575,54.66067969549634,-0.002539448561054328,,,
3787,1642612344.3483229,28.640958460967553,-0.02433550011206743,28.187099319185048,-5.800953454725165,54.66611039367342,-0.002539499887932578,,,
3788,1642612344.3515196,28.625156751487463,-0.026085448785189185,28.17091181037194,-5.798467118502098,54.67193160953148,-0.0025395512148108277,,,
3789,1642612344.3559694,28.603160696465352,-0.021210397458310916,28.150761354718988,-5.796005737167087,54.67666491134494,-0.002539602541689078,,,
3790,1642612344.3592055,28.587164529790734,-0.01233534613143267,28.128478291255025,-5.791548794448169,54.67941766109083,-0.0025396538685673277,,,
3791,1642612344.3632286,28.567278040697126,-0.01546029480455441,28.11126450226844,-5.786343522611048,54.682867772838094,-0.002539705195445578,,,
3792,1642612344.367283,28.547235985847898,-0.022210243477676167,28.094841630016244,-5.781761877152215,54.68782419979506,-0.0025397565223238276,,,
3793,1642612344.370727,28.530080172544256,-0.02408519215079793,28.074277794922054,-5.791669557400631,54.693199039371216,-0.0025398078492020774,,,
3794,1642612344.3748927,28.509166121157342,-0.020335140823919677,28.05202072567165,-5.810361083483954,54.69773701934675,-0.0025398591760803276,,,
3795,1642612344.3781018,28.49305444924412,-0.011585089497041422,28.035049831410237,-5.806555776010867,54.700322342192926,-0.0025399105029585774,,,
3796,1642612344.3821235,28.472863388186745,-0.013335038170163172,28.018761954171318,-5.8017970900903135,54.703298182720076,-0.0025399618298368276,,,
3797,1642612344.3863816,28.451484899303374,-0.021459986843284914,27.998342714838103,-5.796862790228822,54.70808718277733,-0.0025400131567150774,,,
3798,1642612344.3897514,28.434566446790633,-0.024334935516406683,27.98209047326992,-5.79330840543617,54.71351775495952,-0.0025400644835933276,,,
3799,1642612344.3937728,28.414376582737113,-0.022209884189528416,27.95899143149716,-5.791159024891243,54.71847410173792,-0.0025401158104715773,,,
3800,1642612344.3969793,28.398278077866316,-0.01495983286265016,27.941954017317038,-5.787805374124629,54.721812530645586,-0.002540167137349827,,,
3801,1642612344.401233,28.37694727278785,-0.012709781535771937,27.921755719142404,-5.782921293825301,54.72464883921124,-0.0025402184642280773,,,
3802,1642612344.4045942,28.360121103017537,-0.02008473020889368,27.905691158773443,-5.755911541761499,54.72913093767769,-0.002540269791106327,,,
3803,1642612344.4086359,28.339888642388633,-0.024959678882015418,27.8876211988175,-5.727123661459812,54.734700927280564,-0.0025403211179845773,,,
3804,1642612344.4126616,28.319736147242395,-0.02370962755513717,27.866126574247026,-5.724966945476988,54.73999195604718,-0.002540372444862827,,,
3805,1642612344.4169092,28.298472489941513,-0.017584576228258927,27.845806800729797,-5.72231254124985,54.743916121387024,-0.0025404237717410773,,,
3806,1642612344.4202743,28.281627223936535,-0.010459524901380685,27.829431939923467,-5.71774200814922,54.746250263794344,-0.002540475098619327,,,
3807,1642612344.4234931,28.265513582422212,-0.016834473574502427,27.807279829901177,-5.712748441574006,54.75000703659672,-0.002540526425497577,,,
3808,1642612344.4275093,28.245408827862637,-0.02420942224762417,27.789324129757144,-5.708277468604738,54.75540959929988,-0.002540577752375827,,,
3809,1642612344.4315298,28.225282590039065,-0.02520937092074592,27.773043879789963,-5.705797299710124,54.76103531005471,-0.002540629079254077,,,
3810,1642612344.4349775,28.208014407330467,-0.02195931959386767,27.752605543322407,-5.7161341963358625,54.76593574096179,-0.002540680406132327,,,
3811,1642612344.4391513,28.187099319185048,-0.012459268266989437,27.730033612049347,-5.733005847259802,54.7687161451102,-0.0025407317330105768,,,
3812,1642612344.4423816,28.17091181037194,-0.012334216940111171,27.71299151700509,-5.728083030734199,54.77146864286631,-0.002540783059888827,,,
3813,1642612344.4464028,28.150761354718988,-0.022334165613232933,27.696888796907732,-5.723585761223773,54.7764527242258,-0.0025408343867670768,,,
3814,1642612344.4508495,28.128478291255025,-0.026084114286354685,27.67669402143332,-5.720490270069587,54.78227364227775,-0.0025408857136453265,,,
3815,1642612344.4542847,28.11126450226844,-0.022959062959476417,27.65435023229712,-5.718471146822337,54.78739717542017,-0.0025409370405235767,,,
3816,1642612344.457562,28.094841630016244,-0.01370901163259816,27.63724622660997,-5.715150392069406,54.79045647168036,-0.0025409883674018265,,,
3817,1642612344.4616656,28.074277794922054,-0.010708960305719935,27.620942296923225,-5.710427879518584,54.79284627796923,-0.0025410396942800767,,,
3818,1642612344.466117,28.05202072567165,-0.018958908978841664,27.600557027163006,-5.7053799667978815,54.79707713872642,-0.0025410910211583265,,,
3819,1642612344.4695232,28.035049831410237,-0.02370885765196342,27.584284052797702,-5.711813459363505,54.80236799568183,-0.0025411423480365763,,,
3820,1642612344.4727924,28.018761954171318,-0.024583806325085184,27.560982552059567,-5.713418415028993,54.80785410575068,-0.0025411936749148265,,,
3821,1642612344.4768908,27.998342714838103,-0.017708754998206913,27.54466057282897,-5.710566496202929,54.811805982763445,-0.0025412450017930762,,,
3822,1642612344.4801528,27.98209047326992,-0.010708703671328685,27.524253941686425,-5.706008363294167,54.814195731781915,-0.0025412963286713264,,,
3823,1642612344.4847891,27.95899143149716,-0.016708652344450414,27.50795571733755,-5.700973501523109,54.81792442638078,-0.0025413476555495762,,,
3824,1642612344.4882088,27.941954017317038,-0.024333601017572183,27.49001721840583,-5.696867036852318,54.823354700756866,-0.0025413989824278264,,,
3825,1642612344.4922628,27.921755719142404,-0.024333549690693936,27.468783917379387,-5.694717722219393,54.82878496367887,-0.002541450309306076,,,
3826,1642612344.4954872,27.905691158773443,-0.019458498363815666,27.452676919828367,-5.692417868679792,54.83312731255629,-0.002541501636184326,,,
3827,1642612344.4991002,27.8876211988175,-0.010833447036937421,27.432490021341742,-5.6812106430873275,54.83554489924258,-0.002541552963062576,,,
3828,1642612344.5033793,27.866126574247026,-0.013333395710059174,27.41031486662316,-5.664730022265416,54.83852037323914,-0.002541604289940826,,,
3829,1642612344.5074246,27.845806800729797,-0.02295834438318092,27.393108220514442,-5.659936591427496,54.843643746024426,-0.002541655616819076,,,
3830,1642612344.5106845,27.829431939923467,-0.025083293056302684,27.376944220897766,-5.656843879773361,54.84924132130534,-0.002541706943697326,,,
3831,1642612344.5150945,27.807279829901177,-0.02245824172942442,27.356501200077737,-5.65422637646726,54.8542530914296,-0.0025417582705755757,,,
3832,1642612344.5186691,27.789324129757144,-0.012458190402546188,27.334325598686927,-5.650108257919379,54.85703325504231,-0.002541809597453826,,,
3833,1642612344.5219102,27.773043879789963,-0.011083139075667922,27.31714874247798,-5.645214826460321,54.85950656288055,-0.0025418609243320757,,,
3834,1642612344.525979,27.752605543322407,-0.020958087748789666,27.300906097525903,-5.640421446972407,54.86418355938394,-0.002541912251210326,,,
3835,1642612344.5304825,27.730033612049347,-0.024583036421911435,27.28033676753084,-5.633267602924809,54.869669497641574,-0.0025419635780885757,,,
3836,1642612344.5338953,27.71299151700509,-0.02245798509503317,27.2540297328426,-5.6235874836634006,54.874681210495424,-0.002542014904966826,,,
3837,1642612344.5371199,27.696888796907732,-0.015457933768154913,27.241035711084614,-5.6203013192167495,54.87813079535497,-0.0025420662318450756,,,
3838,1642612344.541164,27.67669402143332,-0.010082882441276673,27.224646026560865,-5.615517528583899,54.88038088641706,-0.0025421175587233254,,,
3839,1642612344.5456383,27.65435023229712,-0.016582831114398427,27.20411086344264,-5.610708787592068,54.88408150281241,-0.0025421688856015756,,,
3840,1642612344.5490634,27.63724622660997,-0.023582779787520183,27.18774267045539,-5.606948402355266,54.88934422429389,-0.0025422202124798254,,,
3841,1642612344.5523283,27.620942296923225,-0.025207728460641923,27.16451151348165,-5.604885348667208,54.894969568518135,-0.0025422715393580756,,,
3842,1642612344.5564106,27.600557027163006,-0.018207677133763665,27.148208989078125,-5.602323093079548,54.89903278474809,-0.0025423228662363254,,,
3843,1642612344.5596693,27.584284052797702,-0.00983262580688542,27.127873219659573,-5.597988644624842,54.90122702866333,-0.0025423741931145756,,,
3844,1642612344.5643437,27.560982552059567,-0.014207574480007161,27.111256680028415,-5.6030344320851775,54.90439758396213,-0.0025424255199928253,,,
3845,1642612344.56762,27.54466057282897,-0.02270752315312892,27.093044867769404,-5.610371445969295,54.90946498360569,-0.002542476846871075,,,
3846,1642612344.5717163,27.524253941686425,-0.025082471826250684,27.071859193760755,-5.607523446041674,54.91506237562131,-0.0025425281737493253,,,
3847,1642612344.574988,27.50795571733755,-0.02045742049937242,27.05157498718775,-5.605527473262166,54.91962764346877,-0.002542579500627575,,,
3848,1642612344.5785887,27.49001721840583,-0.010707369172494187,27.035127368935832,-5.602053010930246,54.922017094681145,-0.0025426308275058253,,,
3849,1642612344.582851,27.468783917379387,-0.011457317845615936,27.016977903849607,-5.597375711557636,54.924573904068744,-0.002542682154384075,,,
3850,1642612344.5860841,27.452676919828367,-0.02095726651873767,26.99564832804714,-5.592623244518205,54.92925071730684,-0.002542733481262325,,,
3851,1642612344.5901363,27.432490021341742,-0.025457215191859422,26.97946829577546,-5.589173872373605,54.934931736866716,-0.002542784808140575,,,
3852,1642612344.594582,27.41031486662316,-0.02395716386498117,26.959021159072265,-5.581533624534966,54.940278005713886,-0.002542836135018825,,,
3853,1642612344.5980248,27.393108220514442,-0.015457112538102913,26.936810397125885,-5.569005658543641,54.94372740730814,-0.002542887461897075,,,
3854,1642612344.601259,27.376944220897766,-0.013082061211224676,26.91980131143183,-5.563865295015267,54.946646793622165,-0.002542938788775325,,,
3855,1642612344.6053493,27.356501200077737,-0.02058200988434643,26.903500440857794,-5.558599961510189,54.95123986477521,-0.002542990115653575,,,
3856,1642612344.6097863,27.334325598686927,-0.02445695855746817,26.88308381507446,-5.554634432790661,54.95669766755893,-0.0025430414425318248,,,
3857,1642612344.613223,27.31714874247798,-0.02395690723058992,26.866552834200487,-5.552568614021374,54.9620438791357,-0.0025430927694100746,,,
3858,1642612344.616473,27.300906097525903,-0.017706855903711665,26.843484574701773,-5.54982791220775,54.96599533234748,-0.0025431440962883248,,,
3859,1642612344.6205885,27.28033676753084,-0.010331804576833423,26.827087129338647,-5.545287505162534,54.968300972750306,-0.0025431954231665745,,,
3860,1642612344.6258488,27.2540297328426,-0.016456753249955165,26.806687195494167,-5.540347171607035,54.971973453671744,-0.0025432467500448247,,,
3861,1642612344.6284435,27.241035711084614,-0.02395670192307692,26.790393478608216,-5.510859216605532,54.97731961943219,-0.0025432980769230745,,,
3862,1642612344.6317163,27.224646026560865,-0.024081650596198684,26.76736904393653,-5.500371105788653,54.982693668676774,-0.0025433494038013243,,,
3863,1642612344.6358168,27.20411086344264,-0.01883159926932043,26.750886586404345,-5.49801965125031,54.98689611906211,-0.0025434007306795745,,,
3864,1642612344.6390853,27.18774267045539,-0.010331547942442173,26.730366580509354,-5.493929026953683,54.989201702194535,-0.0025434520575578243,,,
3865,1642612344.6437242,27.16451151348165,-0.012831496615563926,26.713848137697646,-5.488844595737719,54.99206517263724,-0.0025435033844360745,,,
3866,1642612344.6469796,27.148208989078125,-0.02170644528868567,26.69565158135071,-5.483934092721264,54.996909172239356,-0.0025435547113143242,,,
3867,1642612344.6510403,27.127873219659573,-0.025956393961807423,26.674036423448815,-5.480514325585916,55.002701588286804,-0.0025436060381925744,,,
3868,1642612344.6543584,27.111256680028415,-0.02270634263492917,26.65768591194156,-5.478411376336898,55.0077687244865,-0.002543657365070824,,,
3869,1642612344.6580017,27.093044867769404,-0.014206291308050914,26.63708793794093,-5.492676553113404,55.010938993433285,-0.002543708691949074,,,
3870,1642612344.6622488,27.071859193760755,-0.009956239981172687,26.60618735063339,-5.535696929478758,55.01316082302657,-0.002543760018827324,,,
3871,1642612344.6663153,27.05157498718775,-0.01733118865429443,26.596360705681928,-5.530853577954619,55.01702844252064,-0.002543811345705574,,,
3872,1642612344.6696126,27.035127368935832,-0.023331137327416186,26.580093992935367,-5.526513076238633,55.02223500759511,-0.002543862672583824,,,
3873,1642612344.6732512,27.016977903849607,-0.02370608600053792,26.559853949202402,-5.523857097108702,55.02752524603015,-0.002543913999462074,,,
3874,1642612344.6775272,26.99564832804714,-0.017206034673659665,26.537805044167154,-5.520673146847346,55.03136493622377,-0.002543965326340324,,,
3875,1642612344.6807709,26.97946829577546,-0.011330983346781424,26.52489883062897,-5.515930404514973,55.03389355286704,-0.002544016653218574,,,
3876,1642612344.68487,26.959021159072265,-0.018955932019903168,26.50442764144781,-5.510936252768163,55.03812374928755,-0.0025440679800968237,,,
3877,1642612344.6893184,26.936810397125885,-0.025705880693024923,26.484213675662847,-5.506570660694425,55.04386026091776,-0.002544119306975074,,,
3878,1642612344.6927197,26.91980131143183,-0.02633082936614669,26.46789243629774,-5.4903676020747705,55.04973623578498,-0.0025441706338533237,,,
3879,1642612344.6959794,26.903500440857794,-0.019830778039268433,26.449979639225262,-5.4727685033224684,55.05416166241077,-0.002544221960731574,,,
3880,1642612344.700062,26.88308381507446,-0.010330726712390173,26.428854228009776,-5.468500976273334,55.0564670622779,-0.0025442732876098237,,,
3881,1642612344.7033677,26.866552834200487,-0.013705675385511913,26.412538279771823,-5.463258089732429,55.05952561402284,-0.002544324614488074,,,
3882,1642612344.7079806,26.843484574701773,-0.02270562405863367,26.392055163042187,-5.458390355676812,55.064592589865406,-0.0025443759413663236,,,
3883,1642612344.7112596,26.827087129338647,-0.024705572731755422,26.369548639935978,-5.455323314524808,55.07010587326538,-0.0025444272682445734,,,
3884,1642612344.715339,26.806687195494167,-0.02095552140487717,26.352439058808272,-5.453481748214037,55.074782297064736,-0.0025444785951228236,,,
3885,1642612344.7185972,26.790393478608216,-0.01220547007799894,26.335950322628857,-5.449889528498778,55.07750606373473,-0.0025445299220010734,,,
3886,1642612344.7231803,26.76736904393653,-0.011830418751120675,26.315539895998732,-5.439249211895447,55.080146134136,-0.0025445812488793236,,,
3887,1642612344.7264564,26.750886586404345,-0.020580367424242435,26.293363198180558,-5.425119938888774,55.084738838758454,-0.0025446325757575734,,,
3888,1642612344.730535,26.730366580509354,-0.02558031609736419,26.276155611141053,-5.421487629508696,55.09044732945556,-0.002544683902635823,,,
3889,1642612344.7338183,26.713848137697646,-0.024705264770485923,26.259820292592543,-5.419401704137141,55.095960544131046,-0.0025447352295140733,,,
3890,1642612344.737435,26.69565158135071,-0.01720521344360767,26.239283746627127,-5.416467777586661,55.099800051059376,-0.002544786556392323,,,
3891,1642612344.7417314,26.674036423448815,-0.010580162116729425,26.2171711429362,-5.412037370535867,55.10216111480805,-0.0025448378832705733,,,
3892,1642612344.7449813,26.65768591194156,-0.016955110789851166,26.204113403114818,-5.407158026504633,55.105944808951776,-0.002544889210148823,,,
3893,1642612344.7490754,26.63708793794093,-0.023330059462972938,26.183708294867223,-5.402927172035514,55.111151133490544,-0.002544940537027073,,,
3894,1642612344.755237,26.60618735063339,-0.024080008136094688,26.163398777687135,-5.4004921166968884,55.116524816204546,-0.002544991863905323,,,
3895,1642612344.7572136,26.596360705681928,-0.021579956809216434,26.14701207893984,-5.405636287279921,55.12134058870009,-0.002545043190783573,,,
3896,1642612344.7604854,26.580093992935367,-0.013204905482338191,26.127990668366245,-5.411376461560711,55.12428738888095,-0.002545094517661823,,,
3897,1642612344.7645564,26.559853949202402,-0.01582985415545993,26.106737334902565,-5.406431178755157,55.12781997131031,-0.002545145844540073,,,
3898,1642612344.7689912,26.537805044167154,-0.023579802828581686,26.090532635821205,-5.401686090331579,55.133082028455114,-0.002545197171418323,,,
3899,1642612344.7715871,26.52489883062897,-0.024829751501703436,26.070161830802277,-5.398667600090263,55.13862302352801,-0.002545248498296573,,,
3900,1642612344.7757046,26.50442764144781,-0.021704700174825172,26.052051537238327,-5.396299718464708,55.14346663369138,-0.0025452998251748226,,,
3901,1642612344.7797704,26.484213675662847,-0.012329648847946927,26.03075056391258,-5.392355397287034,55.146218112034305,-0.0025453511520530728,,,
3902,1642612344.7830532,26.46789243629774,-0.011579597521068677,26.014420810193304,-5.3874852348951,55.14880220929384,-0.0025454024789313225,,,
3903,1642612344.786647,26.449979639225262,-0.021329546194190436,25.99393566950542,-5.376655757626331,55.15356210028031,-0.0025454538058095728,,,
3904,1642612344.7908738,26.428854228009776,-0.026204494867312175,25.97588512193253,-5.3660656820415085,55.15940988240321,-0.0025455051326878225,,,
3905,1642612344.7941382,26.412538279771823,-0.024329443540433936,25.954452627139954,-5.363853588470355,55.16483922899876,-0.0025455564595660727,,,
3906,1642612344.7982364,26.392055163042187,-0.015329392213555679,25.93816154307589,-5.360268713832033,55.168260128588514,-0.0025456077864443225,,,
3907,1642612344.8027394,26.369548639935978,-0.009204340886677438,25.91756963192309,-5.355610576228146,55.1703141647515,-0.0025456591133225723,,,
3908,1642612344.8061626,26.352439058808272,-0.017954289559799167,25.8953049115667,-5.350877569347711,55.174320835135674,-0.0025457104402008225,,,
3909,1642612344.8094616,26.335950322628857,-0.02507923823292094,25.882224522683543,-5.3472178459283555,55.17991750554421,-0.0025457617670790723,,,
3910,1642612344.8135452,26.315539895998732,-0.02482918690604269,25.861781862887238,-5.34528036186544,55.18545837462222,-0.0025458130939573225,,,
3911,1642612344.8179777,26.293363198180558,-0.018204135579164418,25.841096818887983,-5.351315161192968,55.1895208005206,-0.0025458644208355722,,,
3912,1642612344.8214111,26.276155611141053,-0.010454084252286189,25.818759279430303,-5.361220917719126,55.19185372879536,-0.0025459157477138224,,,
3913,1642612344.8246706,26.259820292592543,-0.014704032925407916,25.80575594513088,-5.356242140030907,55.19513507351546,-0.002545967074592072,,,
3914,1642612344.8287683,26.239283746627127,-0.02220398159852967,25.785421664567377,-5.351589237055575,55.200090103074565,-0.002546018401470322,,,
3915,1642612344.8331804,26.2171711429362,-0.024453930271651422,25.76894070817544,-5.348690998947571,55.20554723006752,-0.002546069728348572,,,
3916,1642612344.8357859,26.204113403114818,-0.021203878944773172,25.748362696832803,-5.346269034515363,55.21027907721273,-0.002546121055226822,,,
3917,1642612344.8398573,26.183708294867223,-0.01220382761789494,25.73010191128788,-5.342267891259777,55.21300247735214,-0.002546172382105072,,,
3918,1642612344.8439097,26.163398777687135,-0.013328776291016678,25.708820053012328,-5.336963300615018,55.21597692048144,-0.002546223708983322,,,
3919,1642612344.8471794,26.14701207893984,-0.02045372496413842,25.69266367468236,-5.331809119225364,55.22054136363509,-0.0025462750358615717,,,
3920,1642612344.8509803,26.127990668366245,-0.024703673637260174,25.671486442302246,-5.332041358601511,55.22605422323408,-0.002546326362739822,,,
3921,1642612344.8552349,26.106737334902565,-0.023703622310381922,25.65344049954857,-5.333490823283248,55.23134391187324,-0.0025463776896180717,,,
3922,1642612344.8584788,26.090532635821205,-0.01507857098350368,25.63647625889003,-5.329408385931431,55.23470883832127,-0.002546429016496322,,,
3923,1642612344.8625567,26.070161830802277,-0.011828519656625427,25.615614635300634,-5.324648143105191,55.23734848492154,-0.0025464803433745717,,,
3924,1642612344.866182,26.052051537238327,-0.01970346832974717,25.59941253897399,-5.320565726369728,55.24174550117548,-0.002546531670252822,,,
3925,1642612344.8704462,26.03075056391258,-0.02432841700286894,25.577239124906797,-5.3176632214891715,55.247174618689414,-0.0025465829971310716,,,
3926,1642612344.8737152,26.014420810193304,-0.022453365675990673,25.560116994534642,-5.315262812680441,55.25218530067599,-0.0025466343240093214,,,
3927,1642612344.877816,25.99393566950542,-0.016703314349112416,25.539799081387624,-5.31110511400485,55.25591280405045,-0.0025466856508875716,,,
3928,1642612344.8814251,25.97588512193253,-0.011078263022234178,25.523446218191587,-5.297564792201123,55.25838502375101,-0.0025467369777658214,,,
3929,1642612344.8857048,25.954452627139954,-0.01795321169535592,25.497274812158675,-5.275110689212155,55.26239145359949,-0.0025467883046440716,,,
3930,1642612344.8889577,25.93816154307589,-0.023328160368477686,25.484347405466657,-5.271373499160616,55.267597354337276,-0.0025468396315223214,,,
3931,1642612344.8930695,25.91756963192309,-0.023703109041599425,25.46384252208788,-5.268510569397878,55.27288692843563,-0.002546890958400571,,,
3932,1642612344.8975153,25.8953049115667,-0.018328057714721183,25.447551722736442,-5.264973228438392,55.27697700873652,-0.0025469422852788214,,,
3933,1642612344.9001272,25.882224522683543,-0.00970300638784294,25.427030135740342,-5.26038679769818,55.27914232684628,-0.002546993612157071,,,
3934,1642612344.9042091,25.861781862887238,-0.012702955060964692,25.40898545657005,-5.255575570063699,55.28197711201919,-0.0025470449390353213,,,
3935,1642612344.9083395,25.841096818887983,-0.021702903734086423,25.387689537599506,-5.251713538433867,55.28682032128973,-0.002547096265913571,,,
3936,1642612344.912807,25.818759279430303,-0.024827852407208188,25.371420214327483,-5.248925595671031,55.292360892561646,-0.0025471475927918213,,,
3937,1642612344.9154146,25.80575594513088,-0.023202801080329925,25.35305935954359,-5.230094471779916,55.297538818182645,-0.002547198919670071,,,
3938,1642612344.9194922,25.785421664567377,-0.014452749753451666,25.329946600809425,-5.220503954230105,55.30076408667429,-0.002547250246548321,,,
3939,1642612344.9227972,25.76894070817544,-0.012077698426573427,25.313533404162545,-5.215960663250721,55.303459339885706,-0.002547301573426571,,,
3940,1642612344.9269238,25.748362696832803,-0.019952647099695173,25.292928865005997,-5.211890092172701,55.307911962750794,-0.002547352900304821,,,
3941,1642612344.9305856,25.73010191128788,-0.026452595772816927,25.276567176712337,-5.208690312306931,55.313815110949136,-0.002547404227183071,,,
3942,1642612344.9348533,25.708820053012328,-0.025702544445938676,25.25436947221202,-5.205888613970061,55.31955087806409,-0.002547455554061321,,,
3943,1642612344.9380932,25.69266367468236,-0.017577493119060435,25.23721120124647,-5.201743435168789,55.32347346274079,-0.002547506880939571,,,
3944,1642612344.94234,25.671486442302246,-0.01407744179218218,25.216609057827284,-5.196951400697515,55.326614977693296,-0.002547558207817821,,,
3945,1642612344.9459612,25.65344049954857,-0.020327390465303935,25.200112010372834,-5.21128290643827,55.33115122810263,-0.0025476095346960706,,,
3946,1642612344.9493682,25.63647625889003,-0.023702339138425677,25.177913378243474,-5.238635876666773,55.336440630389774,-0.0025476608615743208,,,
3947,1642612344.953558,25.615614635300634,-0.020327287811547436,25.160834633130182,-5.2363102625509645,55.340976857890944,-0.0025477121884525705,,,
3948,1642612344.956812,25.59941253897399,-0.014452236484669166,25.14460323872295,-5.232503037707415,55.34420201184178,-0.0025477635153308207,,,
3949,1642612344.961265,25.577239124906797,-0.011952185157790942,25.123482369653306,-5.227590885453239,55.34686925557418,-0.0025478148422090705,,,
3950,1642612344.9647038,25.560116994534642,-0.020702133830912673,25.107192823727033,-5.222829416834472,55.35148913352776,-0.0025478661690873207,,,
3951,1642612344.9687843,25.539799081387624,-0.02457708250403444,25.08420517221953,-5.218896661821142,55.35697374311202,-0.0025479174959655705,,,
3952,1642612344.9720685,25.523446218191587,-0.022452031177156176,25.06751805978551,-5.216169303726619,55.3619841272925,-0.0025479688228438203,,,
3953,1642612344.9773161,25.497274812158675,-0.01870197985027792,25.047167401651766,-5.213015048186871,55.36615765187235,-0.0025480201497220705,,,
3954,1642612344.9798994,25.484347405466657,-0.01432692852339968,25.03089447044522,-5.202146242331826,55.36935484216048,-0.0025480714766003203,,,
3955,1642612344.9839969,25.46384252208788,-0.01770187719652142,25.0127951240695,-5.190108791277668,55.373305184326426,-0.0025481228034785705,,,
3956,1642612344.9872522,25.447551722736442,-0.022951825869643176,24.991452037323683,-5.18606141384963,55.37842710244345,-0.0025481741303568202,,,
3957,1642612344.991353,25.427030135740342,-0.02407677454276494,24.97520911057968,-5.183241244467261,55.38380006355037,-0.00254822545723507,,,
3958,1642612344.9949589,25.40898545657005,-0.019326723215886684,24.954746592756248,-5.1807967581528995,55.3881130055509,-0.00254827678411332,,,
3959,1642612344.9992144,25.387689537599506,-0.013951671889008418,24.936782986739587,-5.176949770394665,55.39122645375397,-0.00254832811099157,,,
3960,1642612345.0024655,25.371420214327483,-0.01595162056213017,24.915558895794092,-5.1722512679436035,55.394786209514464,-0.00254837943786982,,,
3961,1642612345.0061345,25.35305935954359,-0.022201569235251923,24.899310019260074,-5.167803224299668,55.39974070073177,-0.00254843076474807,,,
3962,1642612345.0107393,25.329946600809425,-0.02282651790837369,24.8787570646284,-5.148822977359953,55.40483465518609,-0.0025484820916263197,,,
3963,1642612345.0140061,25.313533404162545,-0.020451466581495423,24.856425344088155,-5.121005371436141,55.4093985943602,-0.00254853341850457,,,
3964,1642612345.0181072,25.292928865005997,-0.01607641525461718,24.839292136075372,-5.11686535601451,55.412986199242575,-0.0025485847453828197,,,
3965,1642612345.0213637,25.276567176712337,-0.01407636392773893,24.82261106437932,-5.1118059099567486,55.41612747365939,-0.00254863607226107,,,
3966,1642612345.0257819,25.25436947221202,-0.020826312600860687,24.801949514075233,-5.107144070140291,55.420775063285895,-0.0025486873991393197,,,
3967,1642612345.029197,25.23721120124647,-0.02407626127398244,24.77964971918585,-5.1034513808740085,55.42614790985199,-0.00254873872601757,,,
3968,1642612345.0332975,25.216609057827284,-0.019826209947104188,24.766600129630547,-5.10087694067099,55.4305723170646,-0.0025487900528958197,,,
3969,1642612345.036581,25.200112010372834,-0.014701158620225918,24.746004540858078,-5.097706116612695,55.433853020356175,-0.0025488413797740694,,,
3970,1642612345.041015,25.177913378243474,-0.011576107293347678,24.725334595449965,-5.093019467859074,55.43643633873822,-0.0025488927066523196,,,
3971,1642612345.044446,25.160834633130182,-0.018951055966469423,24.708809432828648,-5.080497709255408,55.44066544702105,-0.0025489440335305694,,,
3972,1642612345.0477068,25.14460323872295,-0.024451004639591177,24.69034102804848,-5.067066318766913,55.4461219211314,-0.0025489953604088196,,,
3973,1642612345.05195,25.123482369653306,-0.023700953312712925,24.668768013991563,-5.064253161209296,55.45141101415837,-0.0025490466872870694,,,
3974,1642612345.0552225,25.107192823727033,-0.019575901985834684,24.65223504137559,-5.061514306142667,55.45577956277005,-0.0025490980141653196,,,
3975,1642612345.0598407,25.08420517221953,-0.013575850658956432,24.6315273066396,-5.0575124917807965,55.45880914289317,-0.0025491493410435694,,,
3976,1642612345.063193,25.06751805978551,-0.01570079933207817,24.613073630551867,-5.0531887541944505,55.46231292551193,-0.002549200667921819,,,
3977,1642612345.0672815,25.047167401651766,-0.021825748005199937,24.591572823392386,-5.049112667846839,55.467183548649295,-0.0025492519948000694,,,
3978,1642612345.0705507,25.03089447044522,-0.022700696678321676,24.57516260250205,-5.045804278990601,55.47224942490011,-0.002549303321678319,,,
3979,1642612345.0741823,25.0127951240695,-0.020200645351443423,24.55445125742119,-5.092162657093207,55.47675739093248,-0.0025493546485565693,,,
3980,1642612345.0784585,24.991452037323683,-0.014075594024565182,24.531905321320078,-5.1726011923791395,55.47989849353807,-0.002549405975434819,,,
3981,1642612345.081713,24.97520911057968,-0.012200542697686945,24.51763812262478,-5.167756771475788,55.48262116061632,-0.0025494573023130693,,,
3982,1642612345.0858128,24.954746592756248,-0.019200491370808672,24.49743915550415,-5.1633190389187575,55.4869059327807,-0.002549508629191319,,,
3983,1642612345.089412,24.936782986739587,-0.023450440043930425,24.48144952790654,-5.159847176832259,55.492139121390416,-0.002549559956069569,,,
3984,1642612345.0936644,24.915558895794092,-0.022200388717052176,24.45937804958305,-5.157061594155186,55.497093349163876,-0.002549611282947819,,,
3985,1642612345.09692,24.899310019260074,-0.018075337390173935,24.44258759220989,-5.15358975294328,55.50112703252205,-0.002549662609826069,,,
3986,1642612345.101038,24.8787570646284,-0.014825286063295683,24.426485402886872,-5.14889788843936,55.504435436032466,-0.002549713936704319,,,
3987,1642612345.105499,24.856425344088155,-0.02082523473641744,24.406341544110973,-5.105987755811815,55.50908278512328,-0.002549765263582569,,,
3988,1642612345.108905,24.839292136075372,-0.025450183409539178,24.38029190049371,-5.023351227894483,55.51476223547409,-0.0025498165904608186,,,
3989,1642612345.1122212,24.82261106437932,-0.023450132082660925,24.367277327436813,-5.020479811461384,55.51999535535932,-0.002549867917339069,,,
3990,1642612345.1163287,24.801949514075233,-0.018575080755782687,24.350806358272163,-5.017757451497875,55.524140561199964,-0.0025499192442173186,,,
3991,1642612345.1207619,24.77964971918585,-0.012950029428904445,24.33021914646756,-5.013594321132091,55.52703048336671,-0.0025499705710955688,,,
3992,1642612345.123356,24.766600129630547,-0.01594997810202617,24.309588744708122,-5.008760492754354,55.53058987259661,-0.0025500218979738185,,,
3993,1642612345.1274505,24.746004540858078,-0.023574926775147942,24.2911262387372,-5.004647064878962,55.53585084160374,-0.0025500732248520687,,,
3994,1642612345.1315596,24.725334595449965,-0.02257487544826969,24.27384425819843,-5.0015272889977345,55.540888639651044,-0.0025501245517303185,,,
3995,1642612345.1348448,24.708809432828648,-0.019824824121391436,24.25333742769866,-4.99885466212302,55.54531273760346,-0.0025501758786085683,,,
3996,1642612345.1385105,24.69034102804848,-0.014199772794513168,24.236834066067882,-5.015864342263585,55.548481551881984,-0.0025502272054868185,,,
3997,1642612345.1427844,24.668768013991563,-0.013824721467634932,24.21425415502637,-5.046266944764291,55.55156666989177,-0.0025502785323650683,,,
3998,1642612345.1460598,24.65223504137559,-0.020199670140756673,24.197267299783697,-5.0417305779033175,55.5560744182966,-0.0025503298592433185,,,
3999,1642612345.1501622,24.6315273066396,-0.02182461881387844,24.176935986870323,-5.037947821087682,55.56094478944419,-0.0025503811861215682,,,
4000,1642612345.1538181,24.613073630551867,-0.02057456748700019,24.160859099358554,-5.035395954151018,55.56553619975552,-0.002550432512999818,,,
4001,1642612345.1580777,24.591572823392386,-0.01669951616012192,24.138745815738762,-5.032165857768263,55.569262855528,-0.0025504838398780682,,,
4002,1642612345.1613288,24.57516260250205,-0.012699464833243695,24.121108814059923,-5.02793097205958,55.572096861823425,-0.002550535166756318,,,
4003,1642612345.165432,24.55445125742119,-0.018324413506365437,24.104946505848517,-5.023168576850706,55.57618612888458,-0.002550586493634568,,,
4004,1642612345.169942,24.531905321320078,-0.02382436217948719,24.08442418275955,-5.005510525595388,55.58150276177326,-0.002550637820512818,,,
4005,1642612345.172843,24.51763812262478,-0.02182431085260894,24.058033876313598,-4.973917210163722,55.586373064196366,-0.002550689147391068,,,
4006,1642612345.1769502,24.49743915550415,-0.017074259525730686,24.044988725445656,-4.970739272457265,55.59018334751309,-0.002550740474269318,,,
4007,1642612345.1802015,24.48144952790654,-0.013699208198852418,24.02859943106896,-4.96619137924806,55.59324045604386,-0.0025507918011475677,,,
4008,1642612345.1846895,24.45937804958305,-0.017074156871974187,24.00797701335275,-4.961668404733601,55.59705071645243,-0.002550843128025818,,,
4009,1642612345.1881037,24.44258759220989,-0.02307410554509594,23.98752569135094,-4.957469250529674,55.60219992244139,-0.0025508944549040677,,,
4010,1642612345.1913779,24.426485402886872,-0.02332405421821769,23.969113160239615,-4.954415896073604,55.60740490685271,-0.002550945781782318,,,
4011,1642612345.195474,24.406341544110973,-0.020949002891339427,23.95194137217608,-4.951561819589557,55.6120798759838,-0.0025509971086605677,,,
4012,1642612345.2007315,24.38029190049371,-0.01444895156446117,23.931381171083288,-4.9471634283248545,55.61530429687347,-0.002551048435538818,,,
4013,1642612345.2033179,24.367277327436813,-0.013698900237582919,23.915008627335975,-4.973716730322276,55.61836133667975,-0.0025510997624170677,,,
4014,1642612345.2065911,24.350806358272163,-0.020948848910704677,23.892135839353312,-4.979492171936391,55.6230362714486,-0.0025511510892953174,,,
4015,1642612345.2106824,24.33021914646756,-0.024323797583826443,23.87580110003338,-4.975961123744808,55.62846435809526,-0.0025512024161735676,,,
4016,1642612345.2147822,24.309588744708122,-0.020698746256948175,23.855384752283108,-4.9733845526292475,55.633083480079506,-0.0025512537430518174,,,
4017,1642612345.2184513,24.2911262387372,-0.01569869493006992,23.839141374547232,-4.969677702239159,55.63658679308095,-0.0025513050699300676,,,
4018,1642612345.2218857,24.27384425819843,-0.013448643603191698,23.817136284445727,-4.964790337483787,55.63958798574039,-0.0025513563968083174,,,
4019,1642612345.225961,24.25333742769866,-0.019948592276313425,23.80010980741798,-4.960179276053581,55.64403970373309,-0.002551407723686567,,,
4020,1642612345.2292407,24.236834066067882,-0.023448540949435177,23.779727868575986,-4.956246398687196,55.649272468541824,-0.0025514590505648174,,,
4021,1642612345.2337468,24.21425415502637,-0.022573489622556942,23.76338007760119,-4.942464430004135,55.65430995732894,-0.002551510377443067,,,
4022,1642612345.2371604,24.197267299783697,-0.018823438295678688,23.741221009871147,-4.921659369593584,55.65851058651543,-0.0025515617043213173,,,
4023,1642612345.2412462,24.176935986870323,-0.012698386968800447,23.724097937414093,-4.917674614983401,55.66134435227516,-0.002551613031199567,,,
4024,1642612345.244477,24.160859099358554,-0.016073335641922187,23.707788828532404,-4.913315311164787,55.66493126991269,-0.0025516643580778173,,,
4025,1642612345.248921,24.138745815738762,-0.02107328431504394,23.68724639296185,-4.909430459582715,55.66963397362487,-0.002551715684956067,,,
4026,1642612345.2524652,24.121108814059923,-0.023698232988165677,23.66070664512415,-4.906694267267893,55.67492245958555,-0.002551767011834317,,,
4027,1642612345.2557132,24.104946505848517,-0.020448181661287427,23.64772380674764,-4.903908143945688,55.67948566569848,-0.002551818338712567,,,
4028,1642612345.2598374,24.08442418275955,-0.01444813033440917,23.631523305908996,-4.89959882240157,55.68270990332285,-0.002551869665590817,,,
4029,1642612345.2651265,24.058033876313598,-0.01594807900753092,23.611107380806164,-4.894914951649813,55.68626886875177,-0.002551920992469067,,,
4030,1642612345.267726,24.044988725445656,-0.022823027680652693,23.590704584148096,-4.881578264343104,55.6913620443286,-0.002551972319347317,,,
4031,1642612345.2709918,24.02859943106896,-0.022697976353774428,23.572545002741,-4.868268851253295,55.69642731351313,-0.0025520236462255666,,,
4032,1642612345.2751012,24.00797701335275,-0.02107292502689619,23.555358283793968,-4.865592982389361,55.701129937046744,-0.002552074973103817,,,
4033,1642612345.2791765,23.98752569135094,-0.015322873700017935,23.534922322477865,-4.861922136119641,55.704549381968235,-0.0025521262999820666,,,
4034,1642612345.2828455,23.969113160239615,-0.014322822373139685,23.518493999703264,-4.85743043527685,55.70774565592991,-0.002552177626860317,,,
4035,1642612345.2862673,23.95194137217608,-0.02207277104626144,23.496217759523265,-4.853237240932978,55.71267140460703,-0.0025522289537385666,,,
4036,1642612345.2903643,23.931381171083288,-0.023947719719383177,23.47901786149583,-4.849740548137735,55.718015565903336,-0.0025522802806168168,,,
4037,1642612345.2936268,23.915008627335975,-0.02182266839250494,23.458427345509516,-4.846940356892043,55.72288550179586,-0.0025523316074950665,,,
4038,1642612345.2982135,23.892135839353312,-0.017572617065626687,23.441882807207705,-4.864753066279196,55.72680699833488,-0.0025523829343733163,,,
4039,1642612345.3014958,23.87580110003338,-0.012822565738748433,23.41942621095754,-4.895430678475142,55.729668475767525,-0.0025524342612515665,,,
4040,1642612345.3055983,23.855384752283108,-0.018447514411870175,23.40251764340075,-4.890861308035183,55.73378521396591,-0.0025524855881298163,,,
4041,1642612345.3088622,23.839141374547232,-0.024322463084991943,23.38217833482897,-4.886770098049121,55.73921300280647,-0.0025525369150080665,,,
4042,1642612345.313284,23.817136284445727,-0.022947411758113677,23.36595662601871,-4.883761027617421,55.74433393587255,-0.0025525882418863163,,,
4043,1642612345.3167052,23.80010980741798,-0.01957236043123544,23.339776649623,-4.880550641152927,55.74870169415266,-0.0025526395687645665,,,
4044,1642612345.3208008,23.779727868575986,-0.013447309104357198,23.326808045945008,-4.87608197522921,55.751702589005994,-0.0025526908956428162,,,
4045,1642612345.3240857,23.76338007760119,-0.014572257777478935,23.310645549095653,-4.871462324864972,55.75495452684921,-0.002552742222521066,,,
4046,1642612345.3285284,23.741221009871147,-0.019947206450600677,23.290262423672804,-4.867371166546676,55.75940593558173,-0.0025527935493993162,,,
4047,1642612345.331949,23.724097937414093,-0.02182215512372244,23.270064039567988,-4.842633580324836,55.76427575693344,-0.002552844876277566,,,
4048,1642612345.335207,23.707788828532404,-0.019447103796844174,23.251991724589963,-4.815708611013088,55.76861556300493,-0.002552896203155816,,,
4049,1642612345.3393106,23.68724639296185,-0.013697052469965922,23.234105558248213,-4.811681013524385,55.771672190464294,-0.002552947530034066,,,
4050,1642612345.3446124,23.66070664512415,-0.01394700114308767,23.213753035301757,-4.807005289273294,55.774784596346024,-0.002552998856912316,,,
4051,1642612345.3472059,23.64772380674764,-0.02157194981620944,23.197327793715683,-4.8027782854862435,55.77959858200497,-0.002553050183790566,,,
4052,1642612345.3504422,23.631523305908996,-0.02344689848933118,23.1740450526218,-4.79939885570416,55.78483098028312,-0.0025531015106688157,,,
4053,1642612345.3545206,23.611107380806164,-0.022571847162452943,23.15772621226588,-4.796866999926635,55.78986810253965,-0.002553152837547066,,,
4054,1642612345.3585963,23.590704584148096,-0.016821795835574686,23.137356952047266,-4.793362948885526,55.79362204618407,-0.0025532041644253157,,,
4055,1642612345.3622174,23.572545002741,-0.013446744508696448,23.120337537299513,-4.796406090955448,55.79662281504252,-0.002553255491303566,,,
4056,1642612345.3656375,23.555358283793968,-0.018446693181818175,23.097919453246863,-4.804184181725881,55.80073936997561,-0.0025533068181818157,,,
4057,1642612345.3697042,23.534922322477865,-0.02257164185493994,23.080869901361694,-4.800265218322032,55.80577644641583,-0.0025533581450600655,,,
4058,1642612345.3729734,23.518493999703264,-0.021071590528061693,23.06467878012661,-4.797122229693573,55.81047877214334,-0.0025534094719383157,,,
4059,1642612345.3774064,23.496217759523265,-0.01757153920118344,23.044456249486274,-4.7934786290872005,55.814400028146665,-0.0025534607988165654,,,
4060,1642612345.380829,23.47901786149583,-0.014071487874305184,23.02205370980252,-4.788308140877611,55.8175402144258,-0.0025535121256948156,,,
4061,1642612345.3849266,23.458427345509516,-0.01757143654742694,23.005085119476583,-4.783262818509013,55.82146144752096,-0.0025535634525730654,,,
4062,1642612345.3882189,23.441882807207705,-0.023321385220548694,22.988898760686155,-4.778793222015835,55.826665836320075,-0.002553614779451315,,,
4063,1642612345.3927073,23.41942621095754,-0.02269633389367043,22.968476207370074,-4.7701252133983445,55.831730738974024,-0.0025536661063295654,,,
4064,1642612345.3961115,23.40251764340075,-0.020321282566792193,22.94216839216817,-4.756212135620504,55.836265626347746,-0.002553717433207815,,,
4065,1642612345.4002063,23.38217833482897,-0.014946231239913923,22.929174427227466,-4.752056960647735,55.839601019924004,-0.0025537687600860654,,,
4066,1642612345.4034722,23.36595662601871,-0.015946179913035673,22.912572686786078,-4.747377909859559,55.84315956155192,-0.002553820086964315,,,
4067,1642612345.408743,23.339776649623,-0.02219612858615743,22.89222698329199,-4.7432726492852195,55.84811283863667,-0.0025538714138425653,,,
4068,1642612345.4113538,23.326808045945008,-0.02294607725927918,22.87192428639328,-4.739940754563009,55.85323347389665,-0.002553922740720815,,,
4069,1642612345.4146078,23.310645549095653,-0.02032102593240094,22.853781476284382,-4.737232543962247,55.85776830399997,-0.002553974067599065,,,
4070,1642612345.4187114,23.290262423672804,-0.015695974605522675,22.83671383105979,-4.733301942805009,55.86127100993513,-0.002554025394477315,,,
4071,1642612345.422778,23.270064039567988,-0.013070923278644436,22.816241497034888,-4.728298632818529,55.86418791071363,-0.002554076721355565,,,
4072,1642612345.4264002,23.251991724589963,-0.020195871951766177,22.795867122477222,-4.724996360215066,55.86869481151649,-0.002554128048233815,,,
4073,1642612345.4299672,23.234105558248213,-0.023445820624887932,22.777864742364276,-4.722573082187621,55.87392696925893,-0.002554179375112065,,,
4074,1642612345.434026,23.213753035301757,-0.02119576929800968,22.760731654013806,-4.719938070991009,55.878657006659374,-0.002554230701990315,,,
4075,1642612345.4373016,23.197327793715683,-0.016945717971131424,22.740443193040505,-4.716878699198151,55.882438604706316,-0.002554282028868565,,,
4076,1642612345.4419448,23.1740450526218,-0.012695666644253199,22.724164908624182,-4.712496299138594,55.88527176339976,-0.0025543333557468146,,,
4077,1642612345.4451993,23.15772621226588,-0.01757061531737494,22.70208685114629,-4.70813887231994,55.88919281322963,-0.002554384682625065,,,
4078,1642612345.4492614,23.137356952047266,-0.02219556399049668,22.684906008386093,-4.704155900614998,55.89414596431949,-0.0025544360095033146,,,
4079,1642612345.4526556,23.120337537299513,-0.02244551266361843,22.664611578111575,-4.700921828886601,55.89915489383171,-0.0025544873363815648,,,
4080,1642612345.4571333,23.097919453246863,-0.019570461336740192,22.64433744346119,-4.693559294063814,55.90352222831083,-0.0025545386632598146,,,
4081,1642612345.4605474,23.080869901361694,-0.015695410009861924,22.621476195299724,-4.682300578417182,55.9070248082511,-0.0025545899901380648,,,
4082,1642612345.4637897,23.06467878012661,-0.018195358682983675,22.608484176112412,-4.67747972247609,55.911085275501655,-0.0025546413170163145,,,
4083,1642612345.4678392,23.044456249486274,-0.025820307356105448,22.588157373574738,-4.6729826691573875,55.91684732252944,-0.0025546926438945643,,,
4084,1642612345.4723253,23.02205370980252,-0.025195256029227182,22.571824617827193,-4.669382281931813,55.922469883412056,-0.0025547439707728145,,,
4085,1642612345.4757233,23.005085119476583,-0.022320204702348943,22.551105350536027,-4.666728375010481,55.927450849261575,-0.0025547952976510643,,,
4086,1642612345.4789646,22.988898760686155,-0.01732015337547069,22.53280548486548,-4.662928751380899,55.93131600612828,-0.0025548466245293145,,,
4087,1642612345.4830542,22.968476207370074,-0.015320102048592438,22.515412595667954,-4.658381924755865,55.934734832529415,-0.0025548979514075643,,,
4088,1642612345.4883165,22.94216839216817,-0.02082005072171419,22.495029555802795,-4.654183807862557,55.93938102475807,-0.002554949278285814,,,
4089,1642612345.4909098,22.929174427227466,-0.023444999394835932,22.474650105554286,-4.659985660868554,55.94461299923522,-0.0025550006051640642,,,
4090,1642612345.494223,22.912572686786078,-0.020569948067957693,22.44337067930474,-4.714223106125824,55.94920337867928,-0.002555051932042314,,,
4091,1642612345.4982836,22.89222698329199,-0.016694896741079424,22.439512046098393,-4.7109501991175895,55.95292900358449,-0.0025551032589205642,,,
4092,1642612345.5023355,22.87192428639328,-0.013569845414201186,22.417577645047118,-4.706212007204581,55.955957243580166,-0.002555154585798814,,,
4093,1642612345.5059564,22.853781476284382,-0.019694794087322928,22.401562724714097,-4.7014738256670165,55.96035232409445,-0.002555205912677064,,,
4094,1642612345.5093627,22.83671383105979,-0.025069742760444696,22.379382956586415,-4.6971398738871875,55.96594687549804,-0.002555257239555314,,,
4095,1642612345.5134485,22.816241497034888,-0.023694691433566433,22.36240780163708,-4.693867008370172,55.97123457112715,-0.0025553085664335637,,,
4096,1642612345.5175147,22.795867122477222,-0.02019464010668818,22.34220276661469,-4.690695208072659,55.975741197032065,-0.002555359893311814,,,
4097,1642612345.5211086,22.777864742364276,-0.01319458877980995,22.32605926449644,-4.686159177722321,55.97868569494268,-0.0025554112201900637,,,
4098,1642612345.5245302,22.760731654013806,-0.015319537452931688,22.305716210493575,-4.656091700312487,55.98210439534893,-0.002555462547068314,,,
4099,1642612345.5285819,22.740443193040505,-0.02194448612605343,22.287492890880166,-4.623092844519756,55.98700151602666,-0.0025555138739465637,,,
4100,1642612345.5318327,22.724164908624182,-0.021819434799175193,22.270296603801757,-4.619932985830985,55.99187073031209,-0.0025555652008248135,,,
4101,1642612345.5362418,22.70208685114629,-0.019944383472296927,22.249676097704196,-4.617247568026805,55.99632150907017,-0.0025556165277030637,,,
4102,1642612345.5396729,22.684906008386093,-0.016194332145418676,22.229118848353934,-4.613463479012075,55.999935428227616,-0.0025556678545813134,,,
4103,1642612345.5437257,22.664611578111575,-0.017194280818540426,22.211089481848767,-4.608855389150552,56.003772495436735,-0.0025557191814595637,,,
4104,1642612345.5477746,22.64433744346119,-0.02344422949166218,22.193745197852135,-4.6042473095430925,56.00900429810268,-0.0025557705083378134,,,
4105,1642612345.5523362,22.621476195299724,-0.024194178164783933,22.173320429614154,-4.6002135509540905,56.014403458943846,-0.0025558218352160636,,,
4106,1642612345.554925,22.608484176112412,-0.022569126837905695,22.157022865756876,-4.588936606722963,56.0194399741341,-0.0025558731620943134,,,
4107,1642612345.5589752,22.588157373574738,-0.01806907551102744,22.13461977164474,-4.583214463179965,56.02347226009442,-0.002555924488972563,,,
4108,1642612345.5622296,22.571824617827193,-0.013319024184149188,22.117992945345662,-4.5784422342889,56.02644452694837,-0.0025559758158508134,,,
4109,1642612345.566358,22.551105350536027,-0.019068972857270942,22.097785968606797,-4.573694930319608,56.03069994950627,-0.002556027142729063,,,
4110,1642612345.5700045,22.53280548486548,-0.022818921530392694,22.07747253233263,-4.569695077385988,56.03579220875665,-0.0025560784696073134,,,
4111,1642612345.57347,22.515412595667954,-0.021068870203514445,22.059586134228308,-4.56709045752025,56.04049392741788,-0.002556129796485563,,,
4112,1642612345.5775316,22.495029555802795,-0.01856881887663619,22.041818157404823,-4.564186871561774,56.04463773586066,-0.0025561811233638133,,,
4113,1642612345.5815923,22.474650105554286,-0.014068767549757938,22.02162792710971,-4.559539267288966,56.04777731507352,-0.002556232450242063,,,
4114,1642612345.5878377,22.44337067930474,-0.016193716222879677,22.00555253727998,-4.563636512613508,56.051391096782,-0.002556283777120313,,,
4115,1642612345.5886176,22.439512046098393,-0.023443664896001432,21.981753011483086,-4.575495872868323,56.05662277345306,-0.002556335103998563,,,
4116,1642612345.5930507,22.417577645047118,-0.02344361356912318,21.964051610881906,-4.5726015526956765,56.061854438670025,-0.002556386430876813,,,
4117,1642612345.5962875,22.401562724714097,-0.021443562242244932,21.948031242544282,-4.569556939871245,56.06663977342143,-0.002556437757755063,,,
4118,1642612345.6007702,22.379382956586415,-0.016193510915366676,21.927965927500292,-4.564984257456903,56.07025350931359,-0.002556489084633313,,,
4119,1642612345.604201,22.36240780163708,-0.015693459588488425,21.8998297540869,-4.5599857270019815,56.07375565399879,-0.002556540411511563,,,
4120,1642612345.6082847,22.34220276661469,-0.022443408261610183,21.890640586922203,-4.55576377201597,56.0787641138937,-0.002556591738389813,,,
4121,1642612345.6115475,22.32605926449644,-0.022693356934731932,21.870110103006983,-4.552543846907378,56.08382835221096,-0.0025566430652680626,,,
4122,1642612345.615659,22.305716210493575,-0.020318305607853693,21.85408378621832,-4.549975244818824,56.08836257524799,-0.002556694392146313,,,
4123,1642612345.619322,22.287492890880166,-0.01581825428097544,21.83397683201706,-4.544082066573486,56.09189256905509,-0.0025567457190245626,,,
4124,1642612345.6227572,22.270296603801757,-0.013443202954097202,21.815997275981495,-4.536936666900832,56.09489254758196,-0.0025567970459028128,,,
4125,1642612345.6268764,22.249676097704196,-0.018943151627218928,21.79602598683119,-4.5324184588230025,56.099119891936354,-0.0025568483727810625,,,
4126,1642612345.6309829,22.229118848353934,-0.023068100300340698,21.775892745780315,-4.528475874299889,56.10426775779787,-0.0025568996996593123,,,
4127,1642612345.6345844,22.211089481848767,-0.023068048973462447,21.759867843383578,-4.52550933996079,56.109415612205304,-0.0025569510265375625,,,
4128,1642612345.6380491,22.193745197852135,-0.02019299764658418,21.738100793453437,-4.5218670959607365,56.113921871579635,-0.0025570023534158123,,,
4129,1642612345.6421292,22.173320429614154,-0.01531794631970594,21.720220589136947,-4.51694850236059,56.117340216909376,-0.0025570536802940625,,,
4130,1642612345.6453848,22.157022865756876,-0.018817894992827693,21.69611714487654,-4.5119298123788205,56.12153960905515,-0.0025571050071723123,,,
4131,1642612345.649852,22.13461977164474,-0.023942843665949433,21.684148184930816,-4.508505523748278,56.12688268221378,-0.002557156334050562,,,
4132,1642612345.653166,22.117992945345662,-0.0238177923390712,21.66237628746379,-4.5068996795211325,56.13219784898012,-0.0025572076609288123,,,
4133,1642612345.6571937,22.097785968606797,-0.020067741012192945,21.640828302100562,-4.504156937866805,56.136676156145825,-0.002557258987807062,,,
4134,1642612345.6612425,22.07747253233263,-0.013067689685314687,21.62473604526012,-4.500262346227288,56.13959233531724,-0.0025573103146853122,,,
4135,1642612345.6648076,22.059586134228308,-0.01456763835843644,21.608736621496636,-4.49556647077294,56.14284324229319,-0.002557361641563562,,,
4136,1642612345.668349,22.041818157404823,-0.023317587031558198,21.58236131613157,-4.490920686480561,56.14804678349033,-0.002557412968441812,,,
4137,1642612345.6723733,22.02162792710971,-0.023817535704679947,21.56869462096858,-4.48717636833198,56.15336189298626,-0.002557464295320062,,,
4138,1642612345.6755774,22.00555253727998,-0.020567484377801697,21.548614112321886,-4.4838827883947365,56.15795172263444,-0.0025575156221983118,,,
4139,1642612345.6803303,21.981753011483086,-0.014442433050923426,21.53260635738483,-4.479687762879209,56.161174688855844,-0.002557566949076562,,,
4140,1642612345.6838777,21.964051610881906,-0.015192381724045176,21.512483002702616,-4.466895566620873,56.164565013252485,-0.0025576182759548117,,,
4141,1642612345.6870883,21.948031242544282,-0.022817330397166945,21.493852568389496,-4.45315246152619,56.169656917426344,-0.002557669602833062,,,
4142,1642612345.6911094,21.927965927500292,-0.024942279070288686,21.476217867639598,-4.4494475400309925,56.175223024095835,-0.0025577209297113117,,,
4143,1642612345.696748,21.8998297540869,-0.021067227743410445,21.456037127099858,-4.4467653381326935,56.17992437622648,-0.002557772256589562,,,
4144,1642612345.6985896,21.890640586922203,-0.01606717641653219,21.43586116561181,-4.443459543212874,56.18350991937432,-0.0025578235834678117,,,
4145,1642612345.702704,21.870110103006983,-0.01281712508965394,21.418025744690777,-4.438756887221072,56.18637018267441,-0.0025578749103460615,,,
4146,1642612345.7059157,21.85408378621832,-0.01919207376277568,21.397111419716047,-4.433879632558864,56.19065307636954,-0.0025579262372243117,,,
4147,1642612345.7099452,21.83397683201706,-0.024317022435897447,21.381046637447543,-4.429750712055843,56.19607965107754,-0.0025579775641025614,,,
4148,1642612345.7135468,21.815997275981495,-0.022566971109019198,21.360932803631517,-4.426633720007692,56.2011156851964,-0.0025580288909808117,,,
4149,1642612345.7175453,21.79602598683119,-0.01969191978214093,21.33959524009488,-4.423513281831021,56.20551012428216,-0.0025580802178590614,,,
4150,1642612345.7215762,21.775892745780315,-0.014816868455262689,21.322860824059987,-4.418860722827017,56.20881664932334,-0.0025581315447373116,,,
4151,1642612345.7247846,21.759867843383578,-0.01819181712838443,21.302745114480988,-4.413933797918281,56.21287632624232,-0.0025581828716155614,,,
4152,1642612345.7291427,21.738100793453437,-0.0245667658015062,21.286709658418996,-4.409530692258847,56.21835863355635,-0.002558234198493811,,,
4153,1642612345.7327225,21.720220589136947,-0.02506671447462795,21.26514345754581,-4.406225101433161,56.22395250916917,-0.0025582855253720614,,,
4154,1642612345.7375484,21.69611714487654,-0.021941663147749684,21.248362444179396,-4.403393443284106,56.22884899987246,-0.002558336852250311,,,
4155,1642612345.7399447,21.684148184930816,-0.015566611820871441,21.228183410021657,-4.399214857926625,56.232322837272534,-0.0025583881791285614,,,
4156,1642612345.7443047,21.66237628746379,-0.013691560493993175,21.20807845367301,-4.394362814086528,56.23537823914526,-0.002558439506006811,,,
4157,1642612345.7486212,21.640828302100562,-0.019441509167114932,21.191978478228904,-4.416512265467623,56.23971679672194,-0.002558490832885061,,,
4158,1642612345.751845,21.62473604526012,-0.023441457840236685,21.169641547196072,-4.420707232243113,56.24494798086752,-0.002558542159763311,,,
4159,1642612345.75505,21.608736621496636,-0.023191406513358433,21.153642328480206,-4.418003988918349,56.25012336368259,-0.002558593486641561,,,
4160,1642612345.7603335,21.58236131613157,-0.01869135518648018,21.13369812940675,-4.414395667344793,56.25429451726772,-0.002558644813519811,,,
4161,1642612345.7630713,21.56869462096858,-0.01644130385960193,21.11371836861132,-4.409404581886021,56.25796355051084,-0.002558696140398061,,,
4162,1642612345.767094,21.548614112321886,-0.02094125253272368,21.0965373153352,-4.404539213497562,56.26263679007573,-0.002558747467276311,,,
4163,1642612345.7703006,21.53260635738483,-0.024441201205845434,21.075800089861737,-4.400302389163427,56.268091076456656,-0.002558798794154561,,,
4164,1642612345.7743318,21.512483002702616,-0.022191149878967184,21.05932552946216,-4.397071229121492,56.27304324249557,-0.0025588501210328106,,,
4165,1642612345.7780573,21.493852568389496,-0.018566098552088944,21.039376588825775,-4.3814943364091725,56.277186443872075,-0.002558901447911061,,,
4166,1642612345.7815764,21.476217867639598,-0.013441047225210704,21.022154158310208,-4.364487983001319,56.28018594132756,-0.0025589527747893106,,,
4167,1642612345.7856035,21.456037127099858,-0.016565995898332443,21.00140823145976,-4.359750004895337,56.28388280078441,-0.002559004101667561,,,
4168,1642612345.7896297,21.43586116561181,-0.0235659445714542,20.981351332117185,-4.355762039433482,56.2891417653274,-0.0025590554285458106,,,
4169,1642612345.7931888,21.418025744690777,-0.024440893244575934,20.96535588038591,-4.3525240866180015,56.294595982983836,-0.0025591067554240603,,,
4170,1642612345.7973623,21.397111419716047,-0.020690841917697683,20.944061592543036,-4.349511144779536,56.29921334103965,-0.0025591580823023105,,,
4171,1642612345.800568,21.381046637447543,-0.015315790590819441,20.927268633194515,-4.3451732090049635,56.302631205298,-0.0025592094091805603,,,
4172,1642612345.8045819,21.360932803631517,-0.015190739263941178,20.907227231010424,-4.3400102808774905,56.306021163164054,-0.0025592607360588105,,,
4173,1642612345.8088398,21.33959524009488,-0.02331568793706295,20.887163179133164,-4.331744010350948,56.311224280560204,-0.0025593120629370603,,,
4174,1642612345.812179,21.322860824059987,-0.024690636610184686,20.865824020480275,-4.32314754769264,56.316734230822675,-0.0025593633898153105,,,
4175,1642612345.816193,21.302745114480988,-0.022065585283306446,20.84908773790105,-4.320589488113758,56.321658375928486,-0.0025594147166935603,,,
4176,1642612345.819393,21.286709658418996,-0.016565533956428194,20.83300237047245,-4.317083225951831,56.32535513229861,-0.00255946604357181,,,
4177,1642612345.8236964,21.26514345754581,-0.014190482629549927,20.81292432534012,-4.312454090421773,56.32852187338851,-0.0025595173704500603,,,
4178,1642612345.827045,21.248362444179396,-0.020940431302671682,20.78702387404396,-4.307874871077764,56.33319492968811,-0.00255956869732831,,,
4179,1642612345.8310716,21.228183410021657,-0.02431537997579345,20.774205025765735,-4.303744815422874,56.33862113786553,-0.0025596200242065602,,,
4180,1642612345.8350835,21.20807845367301,-0.0230653286489152,20.754092344781352,-4.300862418475513,56.34376838520668,-0.00255967135108481,,,
4181,1642612345.8382962,21.191978478228904,-0.01944027732203693,20.738061916980143,-4.297356207543213,56.34810666788542,-0.00255972267796306,,,
4182,1642612345.8427806,21.169641547196072,-0.013440225995158704,20.717933709579324,-4.2960810418636814,56.35110598207561,-0.00255977400484131,,,
4183,1642612345.8459985,21.153642328480206,-0.01794017466828043,20.700833574493377,-4.294779322334553,56.35510950258757,-0.0025598253317195598,,,
4184,1642612345.85001,21.13369812940675,-0.0248151233414022,20.68001134569847,-4.2904922583051075,56.360647233247455,-0.00255987665859781,,,
4185,1642612345.8540285,21.11371836861132,-0.024190072014523938,20.65941684512733,-4.28718003978826,56.366045477762164,-0.0025599279854760597,,,
4186,1642612345.857484,21.0965373153352,-0.021065020687645698,20.64272830089678,-4.283892827309648,56.370746337367336,-0.00255997931235431,,,
4187,1642612345.861655,21.075800089861737,-0.016064969360767442,20.62009855384414,-4.279430823642239,56.3743313879897,-0.0025600306392325597,,,
4188,1642612345.8649685,21.05932552946216,-0.01593991803388918,20.60301059100123,-4.274618889380085,56.37788853221977,-0.0025600819661108095,,,
4189,1642612345.868981,21.039376588825775,-0.023439866707010936,20.586770349452017,-4.270131910464661,56.38311936128885,-0.0025601332929890597,,,
4190,1642612345.872435,21.022154158310208,-0.023689815380132685,20.566397615632813,-4.266119159602062,56.388405968780276,-0.0025601846198673095,,,
4191,1642612345.8765843,21.00140823145976,-0.019939764053254434,20.544277933690985,-4.2627690492743255,56.392855716671086,-0.0025602359467455597,,,
4192,1642612345.8805957,20.981351332117185,-0.01618971272637618,20.52722765530257,-4.258607742789289,56.396468604961264,-0.0025602872736238094,,,
4193,1642612345.8837948,20.96535588038591,-0.015064661399497942,20.511002582722295,-4.253571740838546,56.3998304273534,-0.0025603386005020596,,,
4194,1642612345.8880537,20.944061592543036,-0.021689610072619686,20.490690833401423,-4.248885631439722,56.40467067001702,-0.0025603899273803094,,,
4195,1642612345.8914123,20.927268633194515,-0.025814558745741453,20.470276529601502,-4.244799330518625,56.41043143418776,-0.002560441254258559,,,
4196,1642612345.8954206,20.907227231010424,-0.0248145074188632,20.44829290377339,-4.24186265310149,56.41596902739867,-0.0025604925811368094,,,
4197,1642612345.8994334,20.887163179133164,-0.018689456091984934,20.434287062419916,-4.2385761036572,56.42013975718281,-0.002560543908015059,,,
4198,1642612345.903698,20.865824020480275,-0.012814404765106691,20.413946693244426,-4.23386504371401,56.42299941341661,-0.0025605952348933094,,,
4199,1642612345.907039,20.84908773790105,-0.017564353438228444,20.397698963279247,-4.230321057383918,56.42691906584863,-0.002560646561771559,,,
4200,1642612345.91025,20.83300237047245,-0.023189302111350188,20.375095125012745,-4.228335216777957,56.43209397904638,-0.002560697888649809,,,
4201,1642612345.914258,20.81292432534012,-0.022939250784471937,20.3598342777264,-4.225346138655461,56.437213090913616,-0.002560749215528059,,,
4202,1642612345.9194283,20.78702387404396,-0.020689199457593684,20.339471388897255,-4.222282034050802,56.44183008243884,-0.002560800542406309,,,
4203,1642612345.9219873,20.774205025765735,-0.014439148130715429,20.319131138739134,-4.217767229149218,56.44505231559908,-0.002560851869284559,,,
4204,1642612345.9260023,20.754092344781352,-0.017564096803837196,20.29434060246183,-4.212852238500064,56.44897191076069,-0.002560903196162809,,,
4205,1642612345.9292023,20.738061916980143,-0.024939045476958938,20.281326941151598,-4.208412490892514,56.454537295823094,-0.002560954523041059,,,
4206,1642612345.9332204,20.717933709579324,-0.0248139941500807,20.26510812062835,-4.204773145592174,56.4600747744932,-0.002561005849919309,,,
4207,1642612345.936637,20.700833574493377,-0.021438942823202436,20.244772636506234,-4.203479914436732,56.46485907837733,-0.0025610571767975586,,,
4208,1642612345.9408007,20.68001134569847,-0.016563891496324194,20.22242034195681,-4.2019232208222395,56.46855546821688,-0.002561108503675809,,,
4209,1642612345.9449189,20.65941684512733,-0.01643884016944593,20.205452777401405,-4.196702787662597,56.47222395166412,-0.0025611598305540586,,,
4210,1642612345.948256,20.64272830089678,-0.0223137888425677,20.189246997575246,-4.19213335006514,56.477203485753535,-0.002561211157432309,,,
4211,1642612345.9527812,20.62009855384414,-0.02406373751568945,20.16895019569529,-4.188340097502549,56.48257353752392,-0.0025612624843105586,,,
4212,1642612345.9561982,20.60301059100123,-0.022438686188811185,20.142776938802353,-4.185272954186,56.487580943643394,-0.002561313811188809,,,
4213,1642612345.9594457,20.586770349452017,-0.018688634861932934,20.129812314941425,-4.1810290400705465,56.491751490162244,-0.0025613651380670586,,,
4214,1642612345.9635196,20.566397615632813,-0.014563583535054693,20.113785078411187,-4.1758086583171,56.495001492265814,-0.0025614164649453083,,,
4215,1642612345.9679425,20.544277933690985,-0.020813532208176447,20.093766804072864,-4.17088874158736,56.499646229826205,-0.0025614677918235585,,,
4216,1642612345.9713514,20.52722765530257,-0.02518848088129819,20.073702108477598,-4.153043941169572,56.505267278770155,-0.0025615191187018083,,,
4217,1642612345.9745953,20.511002582722295,-0.023438429554419937,20.05531074846884,-4.134801305887562,56.510497787124976,-0.0025615704455800585,,,
4218,1642612345.9786563,20.490690833401423,-0.020438378227541684,20.03840364155569,-4.131954751914906,56.51505880550847,-0.0025616217724583083,,,
4219,1642612345.9827378,20.470276529601502,-0.014688326900663429,20.01821916437165,-4.127293336282924,56.518336645279845,-0.0025616730993365585,,,
4220,1642612345.987133,20.44829290377339,-0.01643827557378518,19.998033488442086,-4.122408179532288,56.5220050027322,-0.0025617244262148083,,,
4221,1642612345.9899333,20.434287062419916,-0.02356322424690695,19.980556977403594,-4.118169425711338,56.52726336020891,-0.002561775753093058,,,
4222,1642612345.994,20.413946693244426,-0.0243131729200287,19.959616091792004,-4.114974854954718,56.53268907586085,-0.0025618270799713082,,,
4223,1642612345.9972484,20.397698963279247,-0.02081312159315045,19.94352772807381,-4.11192946195635,56.5373337217886,-0.002561878406849558,,,
4224,1642612346.001769,20.375095125012745,-0.014938070266272179,19.923357635836098,-4.12245695892487,56.54066729416601,-0.0025619297337278082,,,
4225,1642612346.0048227,20.3598342777264,-0.015313018939393944,19.902063817960755,-4.139785978313595,56.544084539904006,-0.002561981060606058,,,
4226,1642612346.0088973,20.339471388897255,-0.0225629676125157,19.885261101973686,-4.13485589538018,56.54911968060456,-0.0025620323874843078,,,
4227,1642612346.0129673,20.319131138739134,-0.024562916285637452,19.86523349033379,-4.130778889848184,56.55460112886254,-0.002562083714362558,,,
4228,1642612346.017928,20.29434060246183,-0.022187864958759185,19.849294309941417,-4.12750478130129,56.55955256184028,-0.0025621350412408078,,,
4229,1642612346.020532,20.281326941151598,-0.018187813631880934,19.823492769105062,-4.123277255120753,56.56361134534096,-0.002562186368119058,,,
4230,1642612346.0237772,20.26510812062835,-0.01468776230500268,19.810818869799107,-4.1180712211007355,56.56688905911746,-0.0025622376949973077,,,
4231,1642612346.0278463,20.244772636506234,-0.021062710978124448,19.790822141137838,-4.1135426330205505,56.571589403288996,-0.0025622890218755575,,,
4232,1642612346.0323207,20.22242034195681,-0.026062659651246205,19.770799280725424,-4.1097165810881195,56.57740553353518,-0.0025623403487538077,,,
4233,1642612346.0357194,20.205452777401405,-0.02281260832436795,19.754830405161293,-4.090005035588751,56.58249638393361,-0.0025623916756320575,,,
4234,1642612346.0389655,20.189246997575246,-0.018937556997489682,19.732863711081173,-4.082068752572732,56.586722479793195,-0.0025624430025103077,,,
4235,1642612346.043031,20.16895019569529,-0.015312505670611445,19.716723054041054,-4.077339102453704,56.59013961099038,-0.0025624943293885575,,,
4236,1642612346.0482736,20.142776938802353,-0.021187454343733186,19.69664215671152,-4.072409784071418,56.59486779282973,-0.0025625456562668077,,,
4237,1642612346.0508704,20.129812314941425,-0.026062403016854953,19.67652782704013,-4.0677300740774855,56.600683865805514,-0.0025625969831450574,,,
4238,1642612346.0540807,20.113785078411187,-0.024562351689976704,19.659219426059693,-4.064248445393584,56.606165188068594,-0.002562648310023307,,,
4239,1642612346.0580904,20.093766804072864,-0.020187300363098435,19.63839704714842,-4.061116264351234,56.61067017603996,-0.0025626996369015574,,,
4240,1642612346.0621095,20.073702108477598,-0.013312249036220193,19.621624757649787,-4.056386665475614,56.61364093095524,-0.002562750963779807,,,
4241,1642612346.065781,20.05531074846884,-0.014312197709341943,19.601265655475572,-4.058559649557292,56.6168348339222,-0.0025628022906580574,,,
4242,1642612346.0691438,20.03840364155569,-0.023437146382463688,19.58310164796245,-4.0627468330771235,56.62206505592499,-0.002562853617536307,,,
4243,1642612346.0731583,20.01821916437165,-0.024562095055585452,19.565854356486984,-4.059076063455715,56.627546320917666,-0.0025629049444145574,,,
4244,1642612346.077173,19.998033488442086,-0.0213120437287072,19.54558623199899,-4.056081886794715,56.63230230606259,-0.002562956271292807,,,
4245,1642612346.080649,19.980556977403594,-0.016061992401828946,19.52530026794596,-4.051935024020581,56.63588669234827,-0.002563007598171057,,,
4246,1642612346.0848138,19.959616091792004,-0.015311941074950694,19.50337425321408,-4.046886061307987,56.63930369755057,-0.002563058925049307,,,
4247,1642612346.0880136,19.94352772807381,-0.023311889748072454,19.48917395944653,-4.042187929527454,56.64450596734474,-0.002563110251927557,,,
4248,1642612346.0920253,19.923357635836098,-0.026561838421194205,19.468820205046367,-4.038191449325778,56.650433494078506,-0.002563161578805807,,,
4249,1642612346.096276,19.902063817960755,-0.024561787094315952,19.452648044690317,-4.0350469724082325,56.6559146903467,-0.002563212905684057,,,
4250,1642612346.0996487,19.885261101973686,-0.0203117357674377,19.432257421855752,-4.019535707537784,56.66044744726139,-0.002563264232562307,,,
4251,1642612346.1036687,19.86523349033379,-0.016311684440559446,19.413918914900712,-4.000730166961394,56.66408755469902,-0.002563315559440557,,,
4252,1642612346.106868,19.849294309941417,-0.0210616331136812,19.391768135382385,-3.9954138776205808,56.668787658334864,-0.0025633668863188066,,,
4253,1642612346.112047,19.823492769105062,-0.025936581786802942,19.375206212115103,-3.9907201625825506,56.67457565310714,-0.002563418213197057,,,
4254,1642612346.114591,19.810818869799107,-0.022561530459924702,19.354668661339044,-3.9874210013050866,56.67961047309343,-0.0025634695400753066,,,
4255,1642612346.1186047,19.790822141137838,-0.019061479133046448,19.33639417847963,-3.9843210707586434,56.68386422335554,-0.002563520866953557,,,
4256,1642612346.1226237,19.770799280725424,-0.014686427806168181,19.318293225418163,-3.9796522889600228,56.68714163932594,-0.0025635721938318066,,,
4257,1642612346.125829,19.754830405161293,-0.016811376479289947,19.2978478249486,-3.9745850763772865,56.690893257791956,-0.0025636235207100564,,,
4258,1642612346.1302202,19.732863711081173,-0.02368632515241169,19.281445070392536,-3.9879199224612543,56.6961790864059,-0.0025636748475883066,,,
4259,1642612346.133443,19.716723054041054,-0.024686273825533442,19.257928176626525,-3.989871234896468,56.7016880630715,-0.0025637261744665563,,,
4260,1642612346.1374528,19.69664215671152,-0.02343622249865519,19.241194242214544,-3.986652463030966,56.70691807890084,-0.0025637775013448065,,,
4261,1642612346.1414692,19.67652782704013,-0.017436171171776933,19.224918299183,-3.982331385201597,56.71080912624163,-0.0025638288282230563,,,
4262,1642612346.1449254,19.659219426059693,-0.01568611984489868,19.204638202939627,-3.9770833699039967,56.714309632993285,-0.0025638801551013065,,,
4263,1642612346.1490831,19.63839704714842,-0.02368606851802044,19.182191866946187,-3.972236207166268,56.719595404336815,-0.0025639314819795563,,,
4264,1642612346.1524322,19.621624757649787,-0.02568601719114219,19.168211828756835,-3.9681907392606552,56.72532748323776,-0.002563982808857806,,,
4265,1642612346.1564975,19.601265655475572,-0.022685965864263937,19.14787701146541,-3.965147387325586,56.730390072167395,-0.0025640341357360563,,,
4266,1642612346.160131,19.58310164796245,-0.0183109145373857,19.126760634857245,-3.960319035184447,56.73447632680531,-0.002564085462614306,,,
4267,1642612346.1635885,19.565854356486984,-0.014935863210507432,19.10403681713511,-3.953798395265979,56.73780940665724,-0.0025641367894925562,,,
4268,1642612346.1676517,19.54558623199899,-0.020685811883629186,19.091311433348512,-3.9489541401363666,56.74242564221314,-0.002564188116370806,,,
4269,1642612346.1717184,19.52530026794596,-0.025185760556750942,19.071139599185994,-3.944635690762839,56.74804608409081,-0.002564239443249056,,,
4270,1642612346.1761138,19.50337425321408,-0.02343570922987269,19.054561248668765,-3.9413438047367966,56.75327598537935,-0.002564290770127306,,,
4271,1642612346.1789606,19.48917395944653,-0.019935657902994435,19.034290620487514,-3.9374259819991764,56.757724816943686,-0.0025643420970055558,,,
4272,1642612346.1830409,19.468820205046367,-0.015685606576116184,19.01635414978503,-3.932331389196619,56.76122520915453,-0.002564393423883806,,,
4273,1642612346.1862829,19.452648044690317,-0.01931055524923795,18.995358635369936,-3.927387033952247,56.76553454311962,-0.0025644447507620557,,,
4274,1642612346.1903706,19.432257421855752,-0.026810503922359705,18.978939783629936,-3.922793219305679,56.77151756192372,-0.002564496077640306,,,
4275,1642612346.1940362,19.413918914900712,-0.026685452595481444,18.958550126510453,-3.9145065902915706,56.77747267433553,-0.0025645474045185557,,,
4276,1642612346.1984491,19.391768135382385,-0.023560401268603204,18.941305523826117,-3.906844285957284,56.782730401837796,-0.0025645987313968055,,,
4277,1642612346.2017486,19.375206212115103,-0.016560349941724947,18.920290385581986,-3.9025120710547023,56.78642600134577,-0.0025646500582750557,,,
4278,1642612346.20584,19.354668661339044,-0.015560298614846696,18.904168039319735,-3.897305798333253,56.78989842989391,-0.0025647013851533055,,,
4279,1642612346.2094808,19.33639417847963,-0.02343524728796844,18.883935747792705,-3.8923492696016635,56.79512822809571,-0.0025647527120315557,,,
4280,1642612346.2130868,19.318293225418163,-0.02543519596109019,18.862655682763215,-3.888141952329852,56.80080433385493,-0.0025648040389098055,,,
4281,1642612346.21716,19.2978478249486,-0.023810144634211952,18.845774357061824,-3.885158340616814,56.80611779396323,-0.0025648553657880557,,,
4282,1642612346.2204278,19.281445070392536,-0.019435093307333687,18.825361867586196,-3.8813006710825753,56.810454919779815,-0.0025649066926663054,,,
4283,1642612346.2251341,19.257928176626525,-0.016060041980455447,18.809152405759388,-3.8801449058882387,56.81403887081042,-0.002564958019544555,,,
4284,1642612346.228488,19.241194242214544,-0.0215599906535772,18.78777978900128,-3.880888489036481,56.81885018766855,-0.0025650093464228054,,,
4285,1642612346.23175,19.224918299183,-0.026184939326698943,18.770803422912557,-3.876646027515814,56.82469360578668,-0.002565060673301055,,,
4286,1642612346.2358146,19.204638202939627,-0.02418488799982069,18.75065440495662,-3.8733298228727304,56.830090693439224,-0.0025651120001793054,,,
4287,1642612346.2403133,19.182191866946187,-0.020184836672942436,18.730518482374244,-3.869638123131094,56.83459513161471,-0.002565163327057555,,,
4288,1642612346.2431152,19.168211828756835,-0.015184785346064184,18.70938731140125,-3.864644681693724,56.83798376080739,-0.0025652146539358054,,,
4289,1642612346.2471907,19.14787701146541,-0.019684734019185936,18.69258594712284,-3.8598515200689265,56.84237659632185,-0.002565265980814055,,,
4290,1642612346.251423,19.126760634857245,-0.025309682692307704,18.6764905425282,-3.8556842110205007,56.84802469260204,-0.002565317307692305,,,
4291,1642612346.2559762,19.10403681713511,-0.024184631365429442,18.656591527158422,-3.8525933609996943,56.85342172298419,-0.002565368634570555,,,
4292,1642612346.2585251,19.091311433348512,-0.021559580038551202,18.636577034403608,-3.841008094631492,56.85823294820967,-0.002565419961448805,,,
4293,1642612346.2625656,19.071139599185994,-0.016434528711672933,18.617928083322717,-3.8261947484106695,56.861900469514126,-0.002565471288327055,,,
4294,1642612346.2658863,19.054561248668765,-0.019559477384794702,18.600665276433233,-3.8211253331978403,56.86626535281996,-0.002565522615205305,,,
4295,1642612346.2699466,19.034290620487514,-0.025434426057916442,18.580292484932286,-3.8163299959448076,56.871941286767964,-0.0025655739420835546,,,
4296,1642612346.2735393,19.01635414978503,-0.02468437473103819,18.559672090810352,-3.8122073806203813,56.877449839632575,-0.002565625268961805,,,
4297,1642612346.2777448,18.995358635369936,-0.02293432340415994,18.5415707842237,-3.8088322329708517,56.88256785190806,-0.0025656765958400546,,,
4298,1642612346.2810335,18.978939783629936,-0.016059272077281698,18.524424003683187,-3.804360824634274,56.886151631127454,-0.002565727922718305,,,
4299,1642612346.2851176,18.958550126510453,-0.01318422075040346,18.503820355632236,-3.799166884334025,56.88909381531376,-0.0025657792495965546,,,
4300,1642612346.2885673,18.941305523826117,-0.02168416942352519,18.48730274890158,-3.8040312279794612,56.89393284384481,-0.0025658305764748044,,,
4301,1642612346.2927659,18.920290385581986,-0.026059118096646957,18.46527091448207,-3.815303078431452,56.89974818375942,-0.0025658819033530546,,,
4302,1642612346.295987,18.904168039319735,-0.024809066769768705,18.448182182974847,-3.8122066110433184,56.90528456283777,-0.0025659332302313043,,,
4303,1642612346.300029,18.883935747792705,-0.021059015442890454,18.42783041991775,-3.808307590558093,56.909984082315496,-0.0025659845571095546,,,
4304,1642612346.3042805,18.862655682763215,-0.014933964116012183,18.411644785270656,-3.8030040944346024,56.91331673836645,-0.0025660358839878043,,,
4305,1642612346.3076532,18.845774357061824,-0.01930891278913395,18.377265313748033,-3.7978009290334915,56.91762570580095,-0.0025660872108660545,,,
4306,1642612346.3117313,18.825361867586196,-0.024683861462255693,18.373358231542642,-3.793224776580547,56.92313414412476,-0.0025661385377443043,,,
4307,1642612346.3149698,18.809152405759388,-0.024183810135377442,18.35529510605476,-3.789877559621708,56.928530991241615,-0.002566189864622554,,,
4308,1642612346.319244,18.78777978900128,-0.021183758808499188,18.334860163023702,-3.7867309938099325,56.93325834838715,-0.0025662411915008043,,,
4309,1642612346.3226438,18.770803422912557,-0.01655870748162095,18.3145392953855,-3.768687131468422,56.936953581364534,-0.002566292518379054,,,
4310,1642612346.326679,18.75065440495662,-0.018433656154742687,18.29646409110053,-3.7484397725295064,56.94106722696111,-0.0025663438452573043,,,
4311,1642612346.3307116,18.730518482374244,-0.024933604827864442,18.278875403458063,-3.7435248546166013,56.94663139789095,-0.002566395172135554,,,
4312,1642612346.3349435,18.70938731140125,-0.023933553500986193,18.25830777402836,-3.7395309057040538,56.95197239786096,-0.0025664464990138042,,,
4313,1642612346.3383083,18.69258594712284,-0.020808502174107953,18.241955921943052,-3.736184127233932,56.956616012921444,-0.002566497825892054,,,
4314,1642612346.3415318,18.6764905425282,-0.015433450847229684,18.218981671535722,-3.731592820095258,56.96006013418446,-0.002566549152770304,,,
4315,1642612346.345517,18.656591527158422,-0.016183399520351437,18.202501705796383,-3.72622990906435,56.9636716136227,-0.002566600479648554,,,
4316,1642612346.3495252,18.636577034403608,-0.024808348193473207,18.18212085889032,-3.721339933033168,56.96920783234392,-0.0025666518065268038,,,
4317,1642612346.353252,18.617928083322717,-0.025433296866594943,18.165715127230886,-3.732427941349066,56.97488351430215,-0.002566703133405054,,,
4318,1642612346.3566928,18.600665276433233,-0.024058245539716708,18.14365411958136,-3.753765043354966,56.9802523404859,-0.0025667544602833037,,,
4319,1642612346.3607535,18.580292484932286,-0.02068319421283844,18.12665184907698,-3.7498285578573665,56.984867991883675,-0.002566805787161554,,,
4320,1642612346.3648636,18.559672090810352,-0.016933142885960185,18.105860372543365,-3.7444831048745777,56.98864678368082,-0.0025668571140398037,,,
4321,1642612346.3684716,18.5415707842237,-0.022433091559081943,18.089522604878116,-3.7394144257229747,56.993652941305484,-0.0025669084409180535,,,
4322,1642612346.3718894,18.524424003683187,-0.02605804023220371,18.063415105631417,-3.735125726765756,56.999468040684405,-0.0025669597677963037,,,
4323,1642612346.375996,18.503820355632236,-0.024182988905325442,18.050474475475337,-3.7317679699110817,57.00486470453596,-0.0025670110946745535,,,
4324,1642612346.3792884,18.48730274890158,-0.020682937578447188,18.034205408638375,-3.7283095821164816,57.009480298663334,-0.0025670624215528037,,,
4325,1642612346.383691,18.46527091448207,-0.015432886251568936,18.013957616245875,-3.7055545378936086,57.01292429393146,-0.0025671137484310535,,,
4326,1642612346.3871198,18.448182182974847,-0.019432834924690688,17.991676054443708,-3.6723293441238636,57.01726091576849,-0.0025671650753093032,,,
4327,1642612346.3912032,18.42783041991775,-0.026432783597812443,17.97444188363699,-3.6676960971518175,57.02315964269166,-0.0025672164021875534,,,
4328,1642612346.3944507,18.411644785270656,-0.025932732270934195,17.957851745518045,-3.663808343371483,57.02894677840787,-0.002567267729065803,,,
4329,1642612346.4013486,18.377265313748033,-0.022807680944055955,17.9374118030644,-3.660516986188142,57.034036529214546,-0.0025673190559440534,,,
4330,1642612346.4021325,18.373358231542642,-0.016682629617177685,17.91649213421391,-3.655933468692459,57.037759416594454,-0.002567370382822303,,,
4331,1642612346.4057567,18.35529510605476,-0.015682578290299436,17.89849879638419,-3.650728725574324,57.041259133014535,-0.0025674217097005534,,,
4332,1642612346.4098568,18.334860163023702,-0.022807526963421206,17.881249034469576,-3.645772486989964,57.046348849458965,-0.002567473036578803,,,
4333,1642612346.413934,18.3145392953855,-0.025932475636542943,17.860669971360846,-3.641636289898768,57.05213592790477,-0.002567524363457053,,,
4334,1642612346.4175477,18.29646409110053,-0.024682424309664695,17.84413740040952,-3.657127173528199,57.05764404551432,-0.002567575690335303,,,
4335,1642612346.42105,18.278875403458063,-0.020057372982786453,17.821830119504767,-3.68317277341909,57.06212003895571,-0.002567627017213553,,,
4336,1642612346.4251456,18.25830777402836,-0.0168073216559082,17.804912539724576,-3.6780242665112017,57.06587075254935,-0.002567678344091803,,,
4337,1642612346.4284017,18.241955921943052,-0.023057270329029957,17.784495464777542,-3.672850587606413,57.07101620159982,-0.002567729670970053,,,
4338,1642612346.4329765,18.218981671535722,-0.026932219002151696,17.76818026681674,-3.6682309304596528,57.07702638228097,-0.0025677809978483027,,,
4339,1642612346.436258,18.202501705796383,-0.024557167675273456,17.746292149430616,-3.6649207651869973,57.082506547681895,-0.002567832324726553,,,
4340,1642612346.4403164,18.18212085889032,-0.022057116348395207,17.72898994471663,-3.6614846985696685,57.08742880286437,-0.0025678836516048026,,,
4341,1642612346.4435833,18.165715127230886,-0.01705706502151695,17.70879062665519,-3.6562355140139777,57.09123524906404,-0.002567934978483053,,,
4342,1642612346.4479945,18.14365411958136,-0.019557013694638702,17.692652947894597,-3.6334939943711975,57.095599582573996,-0.0025679863053613026,,,
4343,1642612346.4514167,18.12665184907698,-0.026556962367760457,17.666662222248043,-3.594051326506713,57.10152602117009,-0.002568037632239553,,,
4344,1642612346.4556017,18.105860372543365,-0.025181911040882195,17.6537435339227,-3.5905651220651436,57.1071456039917,-0.0025680889591178026,,,
4345,1642612346.4588902,18.089522604878116,-0.021306859714003954,17.63648459854382,-3.587376796744332,57.11190043227447,-0.0025681402859960524,,,
4346,1642612346.4641452,18.063415105631417,-0.016681808387125685,17.615806292872133,-3.582723959378202,57.115623136389075,-0.0025681916128743026,,,
4347,1642612346.46675,18.050474475475337,-0.017181757060247438,17.595323688519873,-3.5772768150584624,57.11945740880248,-0.0025682429397525523,,,
4348,1642612346.4700246,18.034205408638375,-0.024556705733369207,17.57715588259617,-3.5721027274497525,57.12493747111668,-0.0025682942666308026,,,
4349,1642612346.4741,18.013957616245875,-0.025306654406490957,17.559918558405936,-3.568144948164042,57.130584891606105,-0.0025683455935090523,,,
4350,1642612346.4785635,17.991676054443708,-0.023306603079612707,17.53932309562407,-3.5651056082708963,57.13578598162996,-0.0025683969203873025,,,
4351,1642612346.4819896,17.97444188363699,-0.019556551752734453,17.51876245086836,-3.5859175471989064,57.140150212053186,-0.0025684482472655523,,,
4352,1642612346.4852877,17.957851745518045,-0.0165565004258562,17.500778624304054,-3.609247681748837,57.14384495250509,-0.002568499574143802,,,
4353,1642612346.489351,17.9374118030644,-0.023056449098977957,17.483689149337945,-3.6045756314299826,57.148990218290265,-0.0025685509010220523,,,
4354,1642612346.4935098,17.91649213421391,-0.026181397772099695,17.463280433923654,-3.600357085477554,57.154832846076815,-0.002568602227900302,,,
4355,1642612346.4970868,17.89849879638419,-0.024931346445221443,17.4469361911323,-3.597121120249539,57.1603965130271,-0.0025686535547785523,,,
4356,1642612346.500516,17.881249034469576,-0.020806295118343206,17.424725906508247,-3.593230118447948,57.16503963556211,-0.002568704881656802,,,
4357,1642612346.504607,17.860669971360846,-0.01555624379146495,17.407881293542417,-3.588054227262596,57.168511159237866,-0.002568756208535052,,,
4358,1642612346.5078936,17.84413740040952,-0.02043119246458669,17.387854657481213,-3.5825760170747083,57.17307057405006,-0.002568807535413302,,,
4359,1642612346.5123508,17.821830119504767,-0.02555614113770846,17.371495036883076,-3.5669855540904365,57.17877366987511,-0.0025688588622915518,,,
4360,1642612346.515759,17.804912539724576,-0.025681089810830195,17.34528004813239,-3.5410872163077682,57.1845046491843,-0.002568910189169802,,,
4361,1642612346.5198722,17.784495464777542,-0.022931038483951942,17.332275002887005,-3.5377316122827556,57.18962192839861,-0.0025689615160480518,,,
4362,1642612346.523159,17.76818026681674,-0.01643098715707369,17.311831339217207,-3.5326537733793524,57.19328865937149,-0.002569012842926302,,,
4363,1642612346.5275686,17.746292149430616,-0.017055935830195452,17.295101014760878,-3.5273513040577718,57.19709485358139,-0.0025690641698045517,,,
4364,1642612346.5310543,17.72898994471663,-0.02605588450331721,17.272491435549846,-3.5226478867665807,57.20290947188891,-0.0025691154966828015,,,
4365,1642612346.5351236,17.70879062665519,-0.02655583317643896,17.255402911169387,-3.5187931222515956,57.208835658495225,-0.0025691668235610517,,,
4366,1642612346.5383747,17.692652947894597,-0.023430781849560694,17.23921585659799,-3.5157620504362175,57.214064460192006,-0.0025692181504393015,,,
4367,1642612346.5435858,17.666662222248043,-0.01755573052268245,17.218818758918328,-3.5114580250810485,57.217982188338446,-0.0025692694773175517,,,
4368,1642612346.5461512,17.6537435339227,-0.016055679195804202,17.19832494725915,-3.505818632837475,57.22156516577219,-0.0025693208041958015,,,
4369,1642612346.5495784,17.63648459854382,-0.023430627868925944,17.18032964155413,-3.500398389049255,57.22679393310673,-0.0025693721310740512,,,
4370,1642612346.5536847,17.615806292872133,-0.027430576542047697,17.163342771446594,-3.4961202154438755,57.23291532701016,-0.0025694234579523014,,,
4371,1642612346.5577521,17.595323688519873,-0.02605552521516946,17.142880662867956,-3.4928652092337273,57.23872986513912,-0.0025694747848305512,,,
4372,1642612346.56136,17.57715588259617,-0.01993047388829119,17.12234689988785,-3.488836606646174,57.243177539841305,-0.0025695261117088014,,,
4373,1642612346.5647829,17.559918558405936,-0.01530542256141295,17.099342254297195,-3.48363512684355,57.246593090375335,-0.002569577438587051,,,
4374,1642612346.5688727,17.53932309562407,-0.021180371234534694,17.08624502394924,-3.4786083426530223,57.251319691551544,-0.0025696287654653014,,,
4375,1642612346.5729556,17.51876245086836,-0.024680319907656446,17.065453305123857,-3.474479950597411,57.256827339543776,-0.002569680092343551,,,
4376,1642612346.576552,17.500778624304054,-0.023180268580778193,17.04915789999047,-3.4713134714004643,57.26200023682331,-0.002569731419221801,,,
4377,1642612346.5799963,17.483689149337945,-0.020930217253899944,17.026850136577636,-3.4677715801359352,57.26667101376084,-0.002569782746100051,,,
4378,1642612346.5841098,17.463280433923654,-0.016055165927021702,17.008996292217272,-3.462645347003072,57.270253876653776,-0.002569834072978301,,,
4379,1642612346.587404,17.4469361911323,-0.019305114600143454,16.992570850951093,-3.457094915557215,57.274561996486305,-0.002569885399856551,,,
4380,1642612346.5918806,17.424725906508247,-0.025680063273265198,16.972096675162092,-3.4517690753601604,57.28029274671388,-0.002569936726734801,,,
4381,1642612346.5952756,17.407881293542417,-0.02718001194638695,16.955678399797723,-3.447466336641114,57.28635822474599,-0.002569988053613051,,,
4382,1642612346.599312,17.387854657481213,-0.023304960619508708,16.932708101544804,-3.4441118390646603,57.291558948239256,-0.002570039380491301,,,
4383,1642612346.6026094,17.371495036883076,-0.017804909292630455,16.916306546617992,-3.4395096795015583,57.295532282996845,-0.0025700907073695507,,,
4384,1642612346.607877,17.34528004813239,-0.016804857965752203,16.895851479900486,-3.434084066511032,57.29928244679461,-0.002570142034247801,,,
4385,1642612346.6104739,17.332275002887005,-0.025429806638873946,16.879531138527526,-3.432587620198217,57.304957349875345,-0.0025701933611260506,,,
4386,1642612346.614556,17.311831339217207,-0.02655475531199571,16.856706882201127,-3.4297008098467168,57.31088329594596,-0.002570244688004301,,,
4387,1642612346.6178968,17.295101014760878,-0.02355470398511746,16.84016603841891,-3.4268168657269458,57.31613975204526,-0.0025702960148825506,,,
4388,1642612346.6224115,17.272491435549846,-0.019304652658239205,16.81985945988365,-3.4228835724736535,57.32044776879106,-0.002570347341760801,,,
4389,1642612346.6258237,17.255402911169387,-0.015179601331360938,16.80369435460229,-3.417825975843986,57.323835241121586,-0.0025703986686390506,,,
4390,1642612346.629056,17.23921585659799,-0.021554550004482708,16.78123354199544,-3.4128183589688086,57.32864534384715,-0.0025704499955173004,,,
4391,1642612346.633129,17.218818758918328,-0.02655449867760446,16.76422869098518,-3.408435371038485,57.33457123264736,-0.0025705013223955506,,,
4392,1642612346.637221,17.19832494725915,-0.02530444735072621,16.743848157570387,-3.405376584982188,57.340218160611315,-0.0025705526492738003,,,
4393,1642612346.640814,17.18032964155413,-0.021429396023847944,16.727475501498077,-3.404338088575119,57.34500033403643,-0.0025706039761520505,,,
4394,1642612346.6442053,17.163342771446594,-0.016304344696969703,16.705538113711096,-3.4028851141503327,57.3486388035405,-0.0025706553030303003,,,
4395,1642612346.6482904,17.142880662867956,-0.02017929337009144,16.68866576973941,-3.397493231349534,57.35314200467527,-0.00257070662990855,,,
4396,1642612346.6523898,17.12234689988785,-0.026054242043213213,16.668516595096577,-3.3927020562643126,57.3589562564522,-0.0025707579567868003,,,
4397,1642612346.6569824,17.099342254297195,-0.025179190716334947,16.65247060304559,-3.389062228213209,57.364575232207535,-0.00257080928366505,,,
4398,1642612346.6595972,17.08624502394924,-0.020679139389456692,16.62635002367319,-3.385822875397123,57.36918997873293,-0.0025708606105433003,,,
4399,1642612346.663748,17.065453305123857,-0.015429088062578438,16.613123630106674,-3.381031731144079,57.37263312639908,-0.00257091193742155,,,
4400,1642612346.6670012,17.04915789999047,-0.017054036735700204,16.592910157187593,-3.3756148706703857,57.37643889680798,-0.0025709632642998,,,
4401,1642612346.6714547,17.026850136577636,-0.025678985408821946,16.576645074713827,-3.3706986016718186,57.38216940649986,-0.00257101459117805,,,
4402,1642612346.6750188,17.008996292217272,-0.027803934081943715,16.556174408689742,-3.367116555850686,57.38837411868737,-0.0025710659180563,,,
4403,1642612346.6782978,16.992570850951093,-0.02667888275506545,16.538143711629196,-3.364257752443336,57.394327764976836,-0.00257111724493455,,,
4404,1642612346.682385,16.972096675162092,-0.021553831428187207,16.51657576049221,-3.3598407643138555,57.39913770734527,-0.0025711685718127998,,,
4405,1642612346.6856625,16.955678399797723,-0.01680378010130895,16.500231065030984,-3.3545224686743063,57.40288763060733,-0.00257121989869105,,,
4406,1642612346.690248,16.932708101544804,-0.02305372877443071,16.479866557715376,-3.3494295127619216,57.40803228932623,-0.0025712712255692998,,,
4407,1642612346.6935222,16.916306546617992,-0.02717867744755245,16.461486363802564,-3.3451127018947435,57.41409746955224,-0.0025713225524475495,,,
4408,1642612346.6976056,16.895851479900486,-0.023928626120674194,16.444459597807562,-3.342147877993088,57.4194373699305,-0.0025713738793257997,,,
4409,1642612346.7008636,16.879531138527526,-0.019553574793795957,16.42379631264906,-3.338482039423621,57.42380093601704,-0.0025714252062040495,,,
4410,1642612346.7054243,16.856706882201127,-0.014428523466917687,16.40343180533345,-3.3373780978795717,57.427020798182554,-0.0025714765330822997,,,
4411,1642612346.7087305,16.84016603841891,-0.01967847214003944,16.38556765588865,-3.3366816528257726,57.43141223629915,-0.0025715278599605495,,,
4412,1642612346.7127893,16.81985945988365,-0.025303420813161212,16.368367687285403,-3.3318767621304612,57.43705893518148,-0.0025715791868387997,,,
4413,1642612346.7160203,16.80369435460229,-0.02505336948628296,16.348125935044305,-3.3283018587545303,57.4426498327333,-0.0025716305137170495,,,
4414,1642612346.7205098,16.78123354199544,-0.021928318159404693,16.331745182174906,-3.3249026766860745,57.447543345375585,-0.0025716818405952992,,,
4415,1642612346.7239087,16.76422869098518,-0.015303266832526453,16.301395020139644,-3.3198970043385216,57.450958414838226,-0.0025717331674735494,,,
4416,1642612346.7279823,16.743848157570387,-0.017053215505648204,16.291478947952555,-3.314464615581025,57.454764001981836,-0.002571784494351799,,,
4417,1642612346.7312548,16.727475501498077,-0.02555316417876996,16.274888048438385,-3.3094840654201705,57.4604664334702,-0.0025718358212300494,,,
4418,1642612346.7356427,16.705538113711096,-0.0269281128518917,16.254464644012828,-3.2990212115053503,57.46647569782489,-0.002571887148108299,,,
4419,1642612346.739021,16.68866576973941,-0.023928061525013446,16.22821763034161,-3.282762643299886,57.47181547220826,-0.0025719384749865494,,,
4420,1642612346.7430556,16.668516595096577,-0.01817801019813519,16.215290011471122,-3.2782108866386865,57.475872067979516,-0.002571989801864799,,,
4421,1642612346.7462685,16.65247060304559,-0.01617795887125694,16.198925060088694,-3.2726610280701443,57.4794823332852,-0.002572041128743049,,,
4422,1642612346.7514987,16.62635002367319,-0.023927907544378697,16.17846230194863,-3.2674605190005406,57.484822073306326,-0.002572092455621299,,,
4423,1642612346.754147,16.613123630106674,-0.027052856217500462,16.158010292937337,-3.2631832739189632,57.49085917532882,-0.002572143782499549,,,
4424,1642612346.7581944,16.592910157187593,-0.024552804890622212,16.14012613135505,-3.2599291040399043,57.496338367132886,-0.002572195109377799,,,
4425,1642612346.7614512,16.576645074713827,-0.020302753563743958,16.123027850520803,-3.2556768322540925,57.50086911958344,-0.002572246436256049,,,
4426,1642612346.7655501,16.556174408689742,-0.01692770223686569,16.102056300285504,-3.2503266473458514,57.50464669724803,-0.0025722977631342987,,,
4427,1642612346.769161,16.538143711629196,-0.02205265090998746,16.085700903684206,-3.244538285734762,57.509567955925476,-0.002572349090012549,,,
4428,1642612346.773481,16.51657576049221,-0.026552599583109213,16.067132457239236,-3.239572124650615,57.515493420924706,-0.0025724004168907987,,,
4429,1642612346.7767546,16.500231065030984,-0.025427548256230947,16.04575563222747,-3.2363442807782636,57.52116782002589,-0.002572451743769049,,,
4430,1642612346.7808335,16.479866557715376,-0.02155249692935271,16.025150671782107,-3.2327672509091667,57.52597746458822,-0.0025725030706472986,,,
4431,1642612346.784515,16.461486363802564,-0.014802445602474453,16.008828006392484,-3.227568963028455,57.529280771032695,-0.002572554397525549,,,
4432,1642612346.7879252,16.444459597807562,-0.018302394275596205,15.986659004588876,-3.2220214891505714,57.5333651242932,-0.0025726057244037986,,,
4433,1642612346.792064,16.42379631264906,-0.026052342948717964,15.96939958715581,-3.216997819873302,57.53917895226915,-0.0025726570512820484,,,
4434,1642612346.7961428,16.40343180533345,-0.026052291621839713,15.95301837476347,-3.21284715143538,57.54499276879101,-0.0025727083781602986,,,
4435,1642612346.7997253,16.38556765588865,-0.023927240294961447,15.932345308621073,-3.2148802513038124,57.55033235990909,-0.0025727597050385484,,,
4436,1642612346.8031793,16.368367687285403,-0.017802188968083207,15.910305819303401,-3.218924449877749,57.5543050876004,-0.0025728110319167986,,,
4437,1642612346.807244,16.348125935044305,-0.01692713764120494,15.893229775972841,-3.213626869897409,57.55808253927009,-0.0025728623587950483,,,
4438,1642612346.8105335,16.331745182174906,-0.024927086314326698,15.876916077242846,-3.2089557652137697,57.563645255531675,-0.002572913685673298,,,
4439,1642612346.8166282,16.301395020139644,-0.027052034987448466,15.856633667230353,-3.2050614874301298,57.569682174288886,-0.0025729650125515483,,,
4440,1642612346.8186195,16.291478947952555,-0.024801983660570213,15.830641403197106,-3.2019941537460115,57.575216972704084,-0.002573016339429798,,,
4441,1642612346.8219512,16.274888048438385,-0.020051932333691957,15.817691059428721,-3.1979996621395705,57.57969175201291,-0.0025730676663080483,,,
4442,1642612346.8260524,16.254464644012828,-0.015551881006813704,15.80129292003314,-3.192576840604604,57.58316230209181,-0.002573118993186298,,,
4443,1642612346.831313,16.22821763034161,-0.02280182967993546,15.780966505730131,-3.18705379495799,57.58825074713327,-0.0025731703200645483,,,
4444,1642612346.8338935,16.215290011471122,-0.027801778353057215,15.76456836633455,-3.175305587682965,57.59445497824939,-0.002573221646942798,,,
4445,1642612346.8371603,16.198925060088694,-0.026051727026178965,15.741749808354312,-3.169619947351077,57.60026866877637,-0.002573272973821048,,,
4446,1642612346.8412452,16.17846230194863,-0.021426675699300696,15.725218073170467,-3.1657867356349865,57.605050235135195,-0.002573324300699298,,,
4447,1642612346.8453279,16.158010292937337,-0.016301624372422455,15.704786274928317,-3.1604542723556164,57.608688097572994,-0.002573375627577548,,,
4448,1642612346.848898,16.14012613135505,-0.021301573045544208,15.68834160537238,-3.154971893154247,57.61344174608544,-0.002573426954455798,,,
4449,1642612346.8523111,16.123027850520803,-0.026801521718665965,15.664219655722768,-3.1501142166399427,57.61942276042541,-0.0025734782813340478,,,
4450,1642612346.8564975,16.102056300285504,-0.0259264703917877,15.647739205771801,-3.1464559598442405,57.62520849874376,-0.002573529608212298,,,
4451,1642612346.8597624,16.085700903684206,-0.02130141906490946,15.631475823550684,-3.1431225533707936,57.62996211289396,-0.0025735809350905478,,,
4452,1642612346.8634684,16.067132457239236,-0.016176367738031192,15.610720809073426,-3.134871373467869,57.63357202312314,-0.0025736322619687975,,,
4453,1642612346.867734,16.04575563222747,-0.017926316411152943,15.587721801430783,-3.1240064852990868,57.63757245103329,-0.0025736835888470477,,,
4454,1642612346.8718455,16.025150671782107,-0.026051265084274713,15.574626731411982,-3.1188878018531536,57.64338603847355,-0.0025737349157252975,,,
4455,1642612346.8751025,16.008828006392484,-0.027801213757396467,15.554109925819054,-3.1148407092789503,57.64959014359478,-0.0025737862426035477,,,
4456,1642612346.8795261,15.986659004588876,-0.0251761624305182,15.533595512019737,-3.1116907642165335,57.65520844355934,-0.0025738375694817975,,,
4457,1642612346.88297,15.96939958715581,-0.02080111110363996,15.517260757555189,-3.1075938511473993,57.659850409232185,-0.0025738888963600477,,,
4458,1642612346.8862388,15.95301837476347,-0.018926059776761695,15.499263706531174,-3.1023007652730565,57.66407393937767,-0.0025739402232382975,,,
4459,1642612346.890364,15.932345308621073,-0.025301008449883464,15.477829648088528,-3.0970076896306984,57.669720099918216,-0.0025739915501165472,,,
4460,1642612346.8947697,15.910305819303401,-0.0264259571230052,15.46151522386967,-3.0923625567009467,57.67561730344864,-0.0025740428769947974,,,
4461,1642612346.898193,15.893229775972841,-0.023300905796126963,15.440972108547024,-3.0927646517295684,57.68081712206953,-0.002574094203873047,,,
4462,1642612346.9014633,15.876916077242846,-0.019425854469248695,15.423039742349799,-3.092779816207203,57.68515218615157,-0.0025741455307512974,,,
4463,1642612346.9055293,15.856633667230353,-0.015300803142370454,15.40189091066473,-3.087323561971396,57.68856670581833,-0.002574196857629547,,,
4464,1642612346.91074,15.830641403197106,-0.019925751815492197,15.385569724184096,-3.081642469244782,57.69301332674508,-0.002574248184507797,,,
4465,1642612346.913336,15.817691059428721,-0.027050700488613966,15.36504239068324,-3.0766359330256776,57.69904994769619,-0.002574299511386047,,,
4466,1642612346.9166234,15.80129292003314,-0.027550649161735715,15.34446256981174,-3.0728036172022875,57.705198136946095,-0.002574350838264297,,,
4467,1642612346.9206982,15.780966505730131,-0.02430059783485746,15.327377930667197,-3.069321076359577,57.71062104634824,-0.002574402165142547,,,
4468,1642612346.9239855,15.76456836633455,-0.017800546507979208,15.306928135327519,-3.0644145036934956,57.71459340750896,-0.002574453492020797,,,
4469,1642612346.92855,15.741749808354312,-0.019175495181100944,15.290586669635502,-3.061607433605433,57.718872601536,-0.0025745048188990467,,,
4470,1642612346.9318547,15.725218073170467,-0.0266754438542227,15.268458729159699,-3.060673351657848,57.72482548040205,-0.002574556145777297,,,
4471,1642612346.935939,15.704786274928317,-0.027425392527344453,15.251364837553158,-3.0564318335131015,57.73094571744333,-0.0025746074726555467,,,
4472,1642612346.9392264,15.68834160537238,-0.024300341200466213,15.231034746860267,-3.0530917443963212,57.73636856957507,-0.002574658799533797,,,
4473,1642612346.9440484,15.664219655722768,-0.018300289873587956,15.214639512430516,-3.048474655670054,57.74045245321826,-0.0025747101264120466,,,
4474,1642612346.9473429,15.647739205771801,-0.016675238546709693,15.188552343774887,-3.0429811978881927,57.744173691210534,-0.002574761453290297,,,
4475,1642612346.950594,15.631475823550684,-0.02542518721983145,15.175602786562859,-3.0376129474359104,57.749847563424,-0.0025748127801685466,,,
4476,1642612346.954743,15.610720809073426,-0.028050135892953215,15.155125109004683,-3.03297085014485,57.75610721788597,-0.0025748641070467964,,,
4477,1642612346.9593358,15.587721801430783,-0.02567508456607495,15.138903646206638,-3.0296057730260815,57.761836857067706,-0.0025749154339250466,,,
4478,1642612346.9619465,15.574626731411982,-0.02030003323919671,15.118618783746655,-3.021537775394201,57.76636700245198,-0.0025749667608032964,,,
4479,1642612346.9660368,15.554109925819054,-0.015799981912318455,15.100326709658098,-3.011435158764481,57.769892918606324,-0.0025750180876815466,,,
4480,1642612346.9701266,15.533595512019737,-0.02054993058544021,15.083184877490545,-3.00603165798856,57.77447883095887,-0.0025750694145597964,,,
4481,1642612346.9733832,15.517260757555189,-0.026549879258561965,15.062664327306816,-3.0012025032371374,57.780403688891816,-0.0025751207414380466,,,
4482,1642612346.9769711,15.499263706531174,-0.026549827931683714,15.042047105925873,-2.9973971746795534,57.78632853537068,-0.0025751720683162963,,,
4483,1642612346.9812443,15.477829648088528,-0.023299776604805464,15.023938561786188,-2.9936667697370978,57.79152810200179,-0.002575223395194546,,,
4484,1642612346.9844968,15.46151522386967,-0.016674725277927193,15.006832533765753,-2.9886628479027904,57.795249225453254,-0.0025752747220727963,,,
4485,1642612346.9885924,15.440972108547024,-0.020174673951048945,14.986198603782823,-2.98338425399683,57.79975139572075,-0.002575326048951046,,,
4486,1642612346.9921718,15.423039742349799,-0.027299622624170718,14.965768757438454,-2.9825874682312157,57.8058435660126,-0.0025753773758292963,,,
4487,1642612346.9963987,15.40189091066473,-0.028424571297292454,14.94776676706426,-2.9829592047659927,57.81218677929433,-0.002575428702707546,,,
4488,1642612346.9996607,15.385569724184096,-0.025049519970414214,14.930629159345989,-2.9796444875195482,57.81777681779009,-0.0025754800295857963,,,
4489,1642612347.0037634,15.36504239068324,-0.019174468643535947,14.910389689861235,-2.9750778735059065,57.82205578273551,-0.002575531356464046,,,
4490,1642612347.0078766,15.34446256981174,-0.017424417316657694,14.890189499516271,-2.969710049262743,57.8259442070918,-0.002575582683342296,,,
4491,1642612347.0112913,15.327377930667197,-0.024549365989779463,14.868046777167125,-2.9645175022877175,57.83142263147245,-0.002575634010220546,,,
4492,1642612347.0153785,15.306928135327519,-0.027424314662901204,14.854969204170832,-2.9599759572579027,57.837542627978024,-0.002575685337098796,,,
4493,1642612347.0186446,15.290586669635502,-0.025674263336022952,14.83464165419079,-2.9562857193020964,57.843272083894476,-0.002575736663977046,,,
4494,1642612347.023071,15.268458729159699,-0.021174212009144697,14.818008723904978,-2.951819309257698,57.847997310580986,-0.0025757879908552958,,,
4495,1642612347.0264952,15.251364837553158,-0.016674160682266445,14.797497871272581,-2.948184374312788,57.85171830803756,-0.0025758393177335455,,,
4496,1642612347.0305676,15.231034746860267,-0.023049109355388214,14.779564535391003,-2.9450101960335444,57.856861935889185,-0.0025758906446117957,,,
4497,1642612347.0338519,15.214639512430516,-0.027424058028509953,14.758071646976521,-2.940688798553748,57.86298187512436,-0.0025759419714900455,,,
4498,1642612347.0390775,15.188552343774887,-0.026799006701631718,14.741910668763873,-2.937219743077622,57.868962328214366,-0.0025759932983682957,,,
4499,1642612347.0416715,15.175602786562859,-0.02317395537475345,14.72148654005317,-2.9330738462426895,57.87413381664197,-0.0025760446252465455,,,
4500,1642612347.0457735,15.155125109004683,-0.016798904047875207,14.703767003473832,-2.9273987763392335,57.877882651766356,-0.0025760959521247957,,,
4501,1642612347.049023,15.138903646206638,-0.02092385272099695,14.682535658034691,-2.921849059627619,57.882552008397866,-0.0025761472790030455,,,
4502,1642612347.0530863,15.118618783746655,-0.028673801394118705,14.666318804731857,-2.9168508619632836,57.88895083974482,-0.0025761986058812953,,,
4503,1642612347.0567458,15.100326709658098,-0.027048750067240467,14.645828101445613,-2.909379744422478,57.89498702544086,-0.0025762499327595455,,,
4504,1642612347.0601702,15.083184877490545,-0.024173698740362203,14.627764007510782,-2.9017714578251663,57.9003816161038,-0.0025763012596377952,,,
4505,1642612347.0642695,15.062664327306816,-0.01904864741348396,14.61074803948302,-2.896936974116679,57.904632502845715,-0.0025763525865160454,,,
4506,1642612347.0683882,15.042047105925873,-0.018673596086605695,14.590168898663121,-2.8915775017236456,57.9087996933189,-0.002576403913394295,,,
4507,1642612347.0720057,15.023938561786188,-0.025048544759727467,14.56956233965178,-2.8867680384957755,57.91438951418712,-0.002576455240272545,,,
4508,1642612347.075423,15.006832533765753,-0.026423493432849204,14.550975190044882,-2.882508584433151,57.92028616792167,-0.002576506567150795,,,
4509,1642612347.079545,14.986198603782823,-0.023048442105970963,14.533863854394715,-2.879199138735586,57.92542964687024,-0.002576557894029045,,,
4510,1642612347.0836263,14.965768757438454,-0.01904839077909271,14.513369352339701,-2.8748147054535607,57.92968047634175,-0.002576609220907295,,,
4511,1642612347.087227,14.94776676706426,-0.01654833945221446,14.497063873098863,-2.871106434370483,57.93337339559481,-0.002576660547785545,,,
4512,1642612347.0906599,14.930629159345989,-0.022798288125336214,14.470449435219772,-2.869129225863289,57.93846105030471,-0.002576711874663795,,,
4513,1642612347.094714,14.910389689861235,-0.026798236798457966,14.457544855998597,-2.864486314654278,57.944441331583505,-0.002576763201542045,,,
4514,1642612347.0987601,14.890189499516271,-0.025923185471579704,14.43715217008873,-2.861020568792013,57.950226336840686,-0.0025768145284202947,,,
4515,1642612347.1031954,14.868046777167125,-0.02267313414470145,14.420880144192044,-2.8569537327560997,57.955286062250124,-0.002576865855298545,,,
4516,1642612347.105815,14.854969204170832,-0.018423082817823195,14.400574321747657,-2.851609568533321,57.959397348306055,-0.0025769171821767947,,,
4517,1642612347.1098866,14.83464165419079,-0.022298031490944965,14.382711385531126,-2.8463405521515326,57.96437336599268,-0.002576968509055045,,,
4518,1642612347.1132183,14.818008723904978,-0.026422980164066703,14.36135844185902,-2.8416976923635957,57.97026990518641,-0.0025770198359332946,,,
4519,1642612347.1173267,14.797497871272581,-0.02542292883718845,14.34500550204928,-2.8379564935460238,57.97594327342032,-0.002577071162811545,,,
4520,1642612347.120921,14.779564535391003,-0.021547877510310214,14.324461697507687,-2.8272904015239724,57.98075188711539,-0.0025771224896897946,,,
4521,1642612347.1252313,14.758071646976521,-0.01729782618343196,14.306475725984805,-2.814474847925624,57.98461206145696,-0.0025771738165680444,,,
4522,1642612347.1284723,14.741910668763873,-0.020672774856553697,14.289291357902073,-2.8087838637609943,57.98922538767633,-0.0025772251434462946,,,
4523,1642612347.1325684,14.72148654005317,-0.02829772352967547,14.268886340974827,-2.8033420869878114,57.99554029367294,-0.0025772764703245444,,,
4524,1642612347.136122,14.703767003473832,-0.027672672202797205,14.24842511517432,-2.798797430218971,58.00171571352437,-0.0025773277972027946,,,
4525,1642612347.14038,14.682535658034691,-0.02492262087591895,14.217605909558618,-2.795199732886715,58.007277433280926,-0.0025773791240810444,,,
4526,1642612347.1436322,14.666318804731857,-0.018297569549040712,14.213676072164237,-2.7907298557302176,58.01136070985783,-0.002577430450959294,,,
4527,1642612347.1477416,14.645828101445613,-0.017172518222162446,14.191333643009694,-2.785337959318649,58.0151929205367,-0.0025774817778375443,,,
4528,1642612347.1513596,14.627764007510782,-0.0241724668952842,14.174940982886511,-2.779785659075099,58.020587236301694,-0.002577533104715794,,,
4529,1642612347.1547627,14.61074803948302,-0.026797415568405966,14.152704306654172,-2.77482355086453,58.0265673343152,-0.0025775844315940443,,,
4530,1642612347.1588786,14.590168898663121,-0.024047364241527716,14.135646590299428,-2.771376171939604,58.031933732233824,-0.002577635758472294,,,
4531,1642612347.1629999,14.56956233965178,-0.021297312914649463,14.115027806512138,-2.7672312027554034,58.03668643005756,-0.0025776870853505443,,,
4532,1642612347.1667173,14.550975190044882,-0.016547261587771207,14.098444978894618,-2.7618405286414056,58.04037910877493,-0.002577738412228794,,,
4533,1642612347.1701396,14.533863854394715,-0.02192221026089295,14.071794988525237,-2.756424950454035,58.045271258381604,-0.002577789739107044,,,
4534,1642612347.1742384,14.513369352339701,-0.027047158934014718,14.058713418675623,-2.751532582864422,58.051307089001135,-0.002577841065985294,,,
4535,1642612347.1774995,14.497063873098863,-0.027672107607136454,14.042421266028244,-2.7476118833297543,58.057482382857685,-0.002577892392863544,,,
4536,1642612347.1828256,14.470449435219772,-0.023172056280258202,14.021764204055586,-2.743716108328603,58.062653447484294,-0.002577943719741794,,,
4537,1642612347.1854112,14.457544855998597,-0.01729700495337996,14.001312887329282,-2.7528582903788665,58.06651343856056,-0.002577995046620044,,,
4538,1642612347.1894972,14.43715217008873,-0.02029695362650171,13.98318459532079,-2.764516543151655,58.07104289669999,-0.0025780463734982936,,,
4539,1642612347.1927576,14.420880144192044,-0.026671902299623455,13.965996635837774,-2.759643608925504,58.07699498523447,-0.0025780977003765438,,,
4540,1642612347.1968262,14.400574321747657,-0.026296850972745218,13.945545873257633,-2.7555519037582994,58.08286337750022,-0.0025781490272547935,,,
4541,1642612347.2004054,14.382711385531126,-0.02317179964586695,13.928880624528125,-2.7518886192003635,58.08803438485642,-0.0025782003541330437,,,
4542,1642612347.2046838,14.36135844185902,-0.0186717483189887,13.906927955484282,-2.7471165184318167,58.09220116298269,-0.0025782516810112935,,,
4543,1642612347.2079604,14.34500550204928,-0.019171696992110448,13.889904377889813,-2.741512808092235,58.09647950940775,-0.0025783030078895437,,,
4544,1642612347.2120767,14.324461697507687,-0.026921645665232204,13.869493823829172,-2.7360855123254684,58.10248733054826,-0.0025783543347677935,,,
4545,1642612347.2156718,14.306475725984805,-0.02854659433835397,13.853338277214512,-2.718223993812269,58.10885777443153,-0.0025784056616460433,,,
4546,1642612347.2190976,14.289291357902073,-0.02729654301147572,13.831433615509967,-2.6945651860585724,58.11494925747853,-0.0025784569885242935,,,
4547,1642612347.2231655,14.268886340974827,-0.022796491684597464,13.814238432880616,-2.69014906517159,58.120036511295595,-0.0025785083154025432,,,
4548,1642612347.2272446,14.24842511517432,-0.018046440357719212,13.797952921614089,-2.684612506544904,58.124063746006286,-0.0025785596422807935,,,
4549,1642612347.2333887,14.217605909558618,-0.02242138903084095,13.777262685853893,-2.679125755829552,58.12906729210054,-0.0025786109691590432,,,
4550,1642612347.234172,14.213676072164237,-0.027046337703962718,13.750711054483512,-2.6744855760211332,58.13510293945478,-0.0025786622960372934,,,
4551,1642612347.2386262,14.191333643009694,-0.026671286377084456,13.737581863458775,-2.671090348618476,58.14105489054029,-0.002578713622915543,,,
4552,1642612347.2418942,14.174940982886511,-0.023046235050206216,13.721047389503475,-2.667545738377284,58.146197876963384,-0.002578764949793793,,,
4553,1642612347.246327,14.152704306654172,-0.01729618372332796,13.700523527847796,-2.662357814680799,58.15005768477437,-0.002578816276672043,,,
4554,1642612347.2497268,14.135646590299428,-0.020796132396449715,13.680012832488158,-2.657648932213148,58.15469853940138,-0.002578867603550293,,,
4555,1642612347.2538364,14.115027806512138,-0.02704608106957147,13.661771567383466,-2.6534483019852546,58.16073412948522,-0.002578918930428543,,,
4556,1642612347.2571416,14.098444978894618,-0.027171029742693205,13.64481437120546,-2.6493032864172976,58.1667976030532,-0.002578970257306793,,,
4557,1642612347.2624533,14.071794988525237,-0.02454597841581497,13.62446860644649,-2.645581855110066,58.17227527146451,-0.002579021584185043,,,
4558,1642612347.2650607,14.058713418675623,-0.0196709270889367,13.607965930586436,-2.640639544183832,58.176665025831234,-0.002579072911063293,,,
4559,1642612347.268308,14.042421266028244,-0.019545875762058462,13.58479735543175,-2.6351241727422314,58.181026873805656,-0.0025791242379415427,,,
4560,1642612347.2724252,14.021764204055586,-0.026670824435180207,13.568389171953587,-2.6298828888450294,58.18697872180444,-0.002579175564819793,,,
4561,1642612347.2765014,14.001312887329282,-0.02654577310830197,13.548165410016805,-2.6256631760740197,58.19290266341092,-0.0025792268916980427,,,
4562,1642612347.2801337,13.98318459532079,-0.024170721781423703,13.532013193244019,-2.6297445260218186,58.19829658973717,-0.002579278218576293,,,
4563,1642612347.283599,13.965996635837774,-0.020295670454545466,13.510036481267976,-2.636857789832757,58.20282576152458,-0.0025793295454545426,,,
4564,1642612347.2877219,13.945545873257633,-0.0181706191276672,13.493125583182982,-2.631151019535374,58.2068807079082,-0.0025793808723327924,,,
4565,1642612347.2910817,13.928880624528125,-0.023670567800788953,13.472982819298133,-2.6256952660107533,58.21216302011934,-0.0025794321992110426,,,
4566,1642612347.2955074,13.906927955484282,-0.027795516473910722,13.45282462034517,-2.620867038960349,58.218365853837604,-0.0025794835260892924,,,
4567,1642612347.2989395,13.889904377889813,-0.026920465147032457,13.43091750944394,-2.6168169422634366,58.22437341153425,-0.0025795348529675426,,,
4568,1642612347.3030543,13.869493823829172,-0.024670413820154204,13.417959176108294,-2.6126915539329367,58.229878848888895,-0.0025795861798457924,,,
4569,1642612347.3063114,13.853338277214512,-0.019295362493275965,13.397606257834548,-2.6071856403419797,58.23418479244607,-0.002579637506724042,,,
4570,1642612347.3107066,13.831433615509967,-0.022170311166397703,13.377398191738457,-2.6015793344716007,58.23913230812819,-0.0025796888336022923,,,
4571,1642612347.3141317,13.814238432880616,-0.02779525983951947,13.361063140425298,-2.5959772658717544,58.24533508457605,-0.002579740160480542,,,
4572,1642612347.3173757,13.797952921614089,-0.02754520851264122,13.343080039241281,-2.591428670231445,58.25148205969339,-0.0025797914873587923,,,
4573,1642612347.321497,13.777262685853893,-0.023295157185762968,13.322004630178293,-2.5878068791747006,58.256680595457226,-0.002579842814237042,,,
4574,1642612347.3267858,13.750711054483512,-0.01704510585888471,13.305660289947964,-2.5827298767896694,58.26048437285607,-0.0025798941411152923,,,
4575,1642612347.329401,13.737581863458775,-0.01779505453200646,13.285208483982428,-2.5772765342844504,58.26445550843015,-0.002579945467993542,,,
4576,1642612347.3326945,13.721047389503475,-0.02604500320512822,13.267081232801102,-2.572375182700709,58.27026769847255,-0.002579996794871792,,,
4577,1642612347.3367827,13.700523527847796,-0.02804495187824997,13.246016514076928,-2.5682767223192733,58.27652619607235,-0.002580048121750042,,,
4578,1642612347.3408682,13.680012832488158,-0.025919900551371704,13.229698305785922,-2.5646800728024473,58.28231046826837,-0.002580099448628292,,,
4579,1642612347.344503,13.661771567383466,-0.020794849224493466,13.209413981795128,-2.549139046327301,58.286951036543364,-0.002580150775506542,,,
4580,1642612347.347883,13.64481437120546,-0.0186697978976152,13.187362207414152,-2.527124276197799,58.291117379414565,-0.002580202102384792,,,
4581,1642612347.3519385,13.62446860644649,-0.024794746570736968,13.170104575689066,-2.521802856880641,58.29665056280437,-0.002580253429263042,,,
4582,1642612347.355228,13.607965930586436,-0.02766969524385871,13.153687257139241,-2.5170772720655705,58.30282531831912,-0.002580304756141292,,,
4583,1642612347.359846,13.58479735543175,-0.02629464391698047,13.132817479207922,-2.5135185200478225,58.30869321805939,-0.0025803560830195416,,,
4584,1642612347.3631167,13.568389171953587,-0.0211695925901022,13.110557583195245,-2.5093391279025568,58.31341741387863,-0.0025804074098977918,,,
4585,1642612347.367148,13.548165410016805,-0.017794541263223964,13.097119775075418,-2.5038439672717234,58.317388434911905,-0.0025804587367760415,,,
4586,1642612347.3703675,13.532013193244019,-0.023294489936345718,13.076347233382952,-2.498299164808972,58.32258682177269,-0.0025805100636542917,,,
4587,1642612347.3747609,13.510036481267976,-0.028419438609467457,13.05583999056439,-2.4933501968480076,58.32892888964635,-0.0025805613905325415,,,
4588,1642612347.3781567,13.493125583182982,-0.027169387282589205,13.039410667540633,-2.5016243693985647,58.33499199668374,-0.0025806127174107917,,,
4589,1642612347.3822014,13.472982819298133,-0.02404433595571097,13.021222739722882,-2.5115780434224027,58.34035771881159,-0.0025806640442890415,,,
4590,1642612347.3862493,13.45282462034517,-0.0201692846288327,13.000126639414734,-2.5062510314144135,58.3448586864006,-0.0025807153711672913,,,
4591,1642612347.3906484,13.43091750944394,-0.020544233301954463,12.983756312674885,-2.5003972108969235,58.34944332735019,-0.0025807666980455415,,,
4592,1642612347.3932505,13.417959176108294,-0.027419181975076208,12.96339438231777,-2.494794266780501,58.35556217844769,-0.0025808180249237912,,,
4593,1642612347.3973374,13.397606257834548,-0.027919130648197957,12.945429790085546,-2.4903954902452528,58.36179259784399,-0.0025808693518020414,,,
4594,1642612347.4013953,13.377398191738457,-0.025294079321319718,12.92422083193703,-2.486297763330776,58.36743721208362,-0.0025809206786802912,,,
4595,1642612347.4046755,13.361063140425298,-0.019794027994441465,12.90776972274302,-2.4809206296074775,58.37185443758757,-0.002580972005558541,,,
4596,1642612347.4082859,13.343080039241281,-0.018043976667563213,12.88747431911286,-2.4681369048637913,58.37588112250239,-0.002581023332436791,,,
4597,1642612347.412516,13.322004630178293,-0.025293925340684968,12.869154681762545,-2.455039007197847,58.38152570237978,-0.002581074659315041,,,
4598,1642612347.4157968,13.305660289947964,-0.02716887401380671,12.847838165307099,-2.4505414589875896,58.387588694876364,-0.002581125986193291,,,
4599,1642612347.4199018,13.285208483982428,-0.024418822686928455,12.831388908158921,-2.44699160519737,58.39303798727806,-0.002581177313071541,,,
4600,1642612347.4235404,13.267081232801102,-0.0204187713600502,12.810802540349863,-2.4424441993529227,58.397594630202704,-0.002581228639949791,,,
4601,1642612347.4277685,13.246016514076928,-0.01791872003317195,12.792636059625808,-2.4365251555936807,58.4015933629089,-0.002581279966828041,,,
4602,1642612347.4310439,13.229698305785922,-0.02454366870629372,12.775396903532846,-2.430506365845371,58.40707051588658,-0.0025813312937062907,,,
4603,1642612347.4351153,13.209413981795128,-0.028668617379415458,12.75443888886777,-2.4253604533451196,58.413468190371375,-0.002581382620584541,,,
4604,1642612347.4395232,13.187362207414152,-0.026793566052537222,12.734121397401491,-2.4232342309641988,58.41944742932883,-0.0025814339474627907,,,
4605,1642612347.4429507,13.170104575689066,-0.02379351472565897,12.712031609063349,-2.4221152884581896,58.42475717831495,-0.002581485274341041,,,
4606,1642612347.4462113,13.153687257139241,-0.0179184633987807,12.699046703146996,-2.4167845389084395,58.428755853750744,-0.0025815366012192907,,,
4607,1642612347.4503562,13.132817479207922,-0.021043412071902468,12.678605047732248,-2.411453799618671,58.43345189118791,-0.0025815879280975404,,,
4608,1642612347.4547772,13.110557583195245,-0.02766836074502421,12.658280276746616,-2.4062979817670254,58.43962634889655,-0.0025816392549757906,,,
4609,1642612347.457446,13.097119775075418,-0.027918309418145958,12.642047653478356,-2.401991742752876,58.445856585027556,-0.0025816905818540404,,,
4610,1642612347.4615717,13.076347233382952,-0.024918258091267707,12.623838729199402,-2.3983101967769276,58.451417331187244,-0.0025817419087322906,,,
4611,1642612347.4656446,13.05583999056439,-0.020418206764389452,12.602643288486671,-2.393054460461237,58.455973848117,-0.0025817932356105404,,,
4612,1642612347.4689076,13.039410667540633,-0.0191681554375112,12.586395160141079,-2.3869741531392115,58.46025140421048,-0.0025818445624887906,,,
4613,1642612347.4725378,13.021222739722882,-0.026543104110632973,12.565912952985617,-2.386068755407942,58.466174750204765,-0.0025818958893670404,,,
4614,1642612347.4767716,13.000126639414734,-0.02916805278375471,12.543665799894175,-2.389152193123236,58.47268387844755,-0.00258194721624529,,,
4615,1642612347.480057,12.983756312674885,-0.027918001456876458,12.526448749722368,-2.3852753177318977,58.47891404585407,-0.0025819985431235403,,,
4616,1642612347.4841435,12.96339438231777,-0.021917950129998205,12.51018437949047,-2.38049413474172,58.48380524477203,-0.00258204987000179,,,
4617,1642612347.4877489,12.945429790085546,-0.020417898803119953,12.489759301227114,-2.374683044442139,58.48836169297729,-0.0025821011968800403,,,
4618,1642612347.4920053,12.92422083193703,-0.02679284747624172,12.467765800945624,-2.368947324283695,58.49434077157761,-0.00258215252375829,,,
4619,1642612347.495307,12.90776972274302,-0.029417796149363462,12.450731456515719,-2.3638144930484137,58.500905632426424,-0.0025822038506365403,,,
4620,1642612347.49938,12.88747431911286,-0.02716774482248521,12.43456674396122,-2.359786949578264,58.50696837293323,-0.00258225517751479,,,
4621,1642612347.5030465,12.869154681762545,-0.022542693495606968,12.414135733693257,-2.3504037360988765,58.51199898927188,-0.00258230650439304,,,
4622,1642612347.5072994,12.847838165307099,-0.017792642168728716,12.392054750331788,-2.3369961913822626,58.51596958650416,-0.00258235783127129,,,
4623,1642612347.5105813,12.831388908158921,-0.02279259084185047,12.378709067837594,-2.330792439932475,58.52105596981109,-0.00258240915814954,,,
4624,1642612347.5146885,12.810802540349863,-0.02966753951497221,12.358247358162041,-2.3249884068327353,58.527676563265935,-0.00258246048502779,,,
4625,1642612347.518313,12.792636059625808,-0.030167488188093963,12.337754631435907,-2.3205084170463497,58.534408725019574,-0.00258251181190604,,,
4626,1642612347.5217524,12.775396903532846,-0.025792436861215722,12.321201070133553,-2.31680287194648,58.5401645524815,-0.00258256313878429,,,
4627,1642612347.5259337,12.75443888886777,-0.019792385534337466,12.303011955894796,-2.3119231945836627,58.544581411454864,-0.0025826144656625398,,,
4628,1642612347.5299873,12.734121397401491,-0.019917334207459204,12.281623313592267,-2.306269093050117,58.549026153912365,-0.0025826657925407896,,,
4629,1642612347.5343978,12.712031609063349,-0.02666728288058096,12.265347712781658,-2.300639983530135,58.554977211579576,-0.0025827171194190398,,,
4630,1642612347.5369935,12.699046703146996,-0.026667231553702708,12.24489077496004,-2.2950115290597477,58.560928257792696,-0.0025827684462972895,,,
4631,1642612347.5410798,12.678605047732248,-0.02579218022682447,12.227012911373818,-2.2905540141284444,58.566684027984216,-0.0025828197731755397,,,
4632,1642612347.5451427,12.658280276746616,-0.02154212889994622,12.205795367696208,-2.285576582365775,58.571491358822236,-0.0025828711000537895,,,
4633,1642612347.5483875,12.642047653478356,-0.01841707757306795,12.189571310504544,-2.279575345210403,58.57560130475072,-0.0025829224269320393,,,
4634,1642612347.5520275,12.623838729199402,-0.02629202624618972,12.168954083199408,-2.27394868500851,58.58146862033286,-0.0025829737538102895,,,
4635,1642612347.5562644,12.602643288486671,-0.030416974919311463,12.146698218957082,-2.2691460817993376,58.58825645742213,-0.0025830250806885393,,,
4636,1642612347.5595124,12.586395160141079,-0.028291923592433224,12.132691632580638,-2.265417246716271,58.59457006910761,-0.0025830764075667895,,,
4637,1642612347.5636067,12.565912952985617,-0.023916872265554955,12.11212214415204,-2.2610391729405857,58.59990734650137,-0.0025831277344450392,,,
4638,1642612347.5680628,12.543665799894175,-0.019291820938676717,12.091686324577752,-2.2596456972450647,58.60421249972698,-0.002583179061323289,,,
4639,1642612347.5715227,12.526448749722368,-0.02379176961179847,12.069019045676768,-2.260735086741284,58.60952185927435,-0.0025832303882015392,,,
4640,1642612347.5747912,12.51018437949047,-0.02891671828492021,12.056174968226694,-2.2551053226497983,58.6159748998346,-0.002583281715079789,,,
4641,1642612347.5788958,12.489759301227114,-0.028541666958041976,12.035718969876566,-2.2506049132176864,58.62234424412611,-0.002583333041958039,,,
4642,1642612347.5833156,12.467765800945624,-0.025541615631163722,12.019327808537497,-2.246355479502349,58.6280440984463,-0.002583384368836289,,,
4643,1642612347.5867388,12.450731456515719,-0.020041564304285466,11.997228300276968,-2.2403994912903924,58.632516564030816,-0.002583435695714539,,,
4644,1642612347.5899873,12.43456674396122,-0.021666512977407206,11.979429942952475,-2.2342929341361057,58.63735165235808,-0.002583487022592789,,,
4645,1642612347.594093,12.414135733693257,-0.02741646165052896,11.963041156627726,-2.2287636077346598,58.643469896389306,-0.0025835383494710387,,,
4646,1642612347.598521,12.392054750331788,-0.0310414103236507,11.942658783721562,-2.220128419702073,58.65039708217478,-0.002583589676349289,,,
4647,1642612347.6011882,12.378709067837594,-0.029041358996772477,11.916084044428864,-2.20790148175153,58.65687793749467,-0.0025836410032275387,,,
4648,1642612347.6052775,12.358247358162041,-0.022416307669894206,11.903144308493504,-2.202702398417484,58.66188034963493,-0.002583692330105789,,,
4649,1642612347.609373,12.337754631435907,-0.018541256343015965,11.886783352231934,-2.196804527220013,58.66601800723633,-0.0025837436569840387,,,
4650,1642612347.6126814,12.321201070133553,-0.024416205016137706,11.866371862167046,-2.191281022401464,58.671466715479916,-0.002583794983862289,,,
4651,1642612347.6163166,12.303011955894796,-0.028291153689259475,11.845784833048773,-2.1865311971679775,58.677780155354185,-0.0025838463107405387,,,
4652,1642612347.6205912,12.281623313592267,-0.02816610236238121,11.827710281266048,-2.1827547081225203,58.68406568883615,-0.0025838976376187884,,,
4653,1642612347.623844,12.265347712781658,-0.02579105103550297,11.81061134449432,-2.178054817535548,58.68982120703789,-0.0025839489644970386,,,
4654,1642612347.6279323,12.24489077496004,-0.019790999708624718,11.790005209084523,-2.172356654179968,58.69423775675108,-0.0025840002913752884,,,
4655,1642612347.6315045,12.227012911373818,-0.024915948381746458,11.773416171467872,-2.1680487645642508,58.699797987477126,-0.0025840516182535386,,,
4656,1642612347.6357431,12.205795367696208,-0.030040897054868197,11.751278509329044,-2.1646754725751656,58.70650189921604,-0.0025841029451317884,,,
4657,1642612347.6389842,12.189571310504544,-0.028165845727989962,11.734273319378444,-2.1603431431513664,58.71278737542761,-0.0025841542720100386,,,
4658,1642612347.643103,12.168954083199408,-0.02404079440111172,11.713667507283077,-2.1559358344398727,58.71815230722389,-0.0025842055988882884,,,
4659,1642612347.647549,12.146698218957082,-0.01866574307423345,11.697339520437852,-2.150203720576665,58.7223177452227,-0.002584256925766538,,,
4660,1642612347.650347,12.132691632580638,-0.021915691747355207,11.670752144998016,-2.1443716309090077,58.727208440161114,-0.0025843082526447883,,,
4661,1642612347.6544561,12.11212214415204,-0.028540640420476975,11.657798251089774,-2.1390644783673283,58.733577555371006,-0.002584359579523038,,,
4662,1642612347.6585386,12.091686324577752,-0.029540589093598697,11.641452380359723,-2.1344072455386343,58.740169818632566,-0.0025844109064012883,,,
4663,1642612347.6630754,12.069019045676768,-0.028040537766720476,11.621002754191828,-2.1302249568021634,58.74642733118143,-0.002584462233279538,,,
4664,1642612347.6656542,12.056174968226694,-0.022415486439842206,11.600430325348135,-2.121570386592619,58.75142956005639,-0.002584513560157788,,,
4665,1642612347.6697612,12.035718969876566,-0.021165435112963954,11.582347673713256,-2.1117056141616395,58.75615282809508,-0.002584564887036038,,,
4666,1642612347.673052,12.019327808537497,-0.029665383786085714,11.565214905423353,-2.1055438566367175,58.76277294047854,-0.002584616213914288,,,
4667,1642612347.677489,11.997228300276968,-0.030415332459207464,11.54467185141157,-2.100353784648438,58.76956041103722,-0.002584667540792538,,,
4668,1642612347.6810625,11.979429942952475,-0.027540281132329224,11.524187409816612,-2.0963347162087356,58.77570628656281,-0.002584718867670788,,,
4669,1642612347.6843529,11.963041156627726,-0.022915229805450958,11.506315407371634,-2.0915931302073214,58.780820037920236,-0.002584770194549038,,,
4670,1642612347.688445,11.942658783721562,-0.019540178478572718,11.489122830493134,-2.085580902112318,58.78518061449169,-0.002584821521427288,,,
4671,1642612347.693771,11.916084044428864,-0.026040127151694473,11.46854389132819,-2.0797680022595775,58.79099171639641,-0.0025848728483055376,,,
4672,1642612347.6963544,11.903144308493504,-0.0295400758248162,11.447987679426916,-2.082697572802138,58.79758386511717,-0.0025849241751837878,,,
4673,1642612347.699621,11.886783352231934,-0.02766502449793796,11.430046149167623,-2.087529586635051,58.80375757831057,-0.0025849755020620376,,,
4674,1642612347.7036963,11.866371862167046,-0.02378997317105972,11.41310165949175,-2.08299901610326,58.80906653696512,-0.0025850268289402878,,,
4675,1642612347.7078066,11.845784833048773,-0.018914921844181455,11.39303300729269,-2.0769106119452525,58.81328758157508,-0.0025850781558185375,,,
4676,1642612347.7114153,11.827710281266048,-0.023539870517303222,11.37271883434864,-2.070671459013431,58.81854072744503,-0.0025851294826967873,,,
4677,1642612347.7148292,11.81061134449432,-0.028539819190424975,11.350570965405788,-2.064959973218541,58.82490965938963,-0.0025851808095750375,,,
4678,1642612347.7189434,11.790005209084523,-0.028289767863546728,11.337616484358618,-2.0604545704709265,58.83122279000372,-0.0025852321364532873,,,
4679,1642612347.7222555,11.773416171467872,-0.027289716536668476,11.317159980547908,-2.0561753166779377,58.83731274965798,-0.0025852834633315375,,,
4680,1642612347.7266781,11.751278509329044,-0.021664665209790206,11.30079667524423,-2.046171011603388,58.84214742563834,-0.0025853347902097873,,,
4681,1642612347.7300787,11.734273319378444,-0.022039613882911972,11.278653242978105,-2.0331913902946837,58.84706577497927,-0.0025853861170880375,,,
4682,1642612347.7341993,11.713667507283077,-0.028664562556033713,11.261639710182054,-2.0271841288227086,58.853462544591686,-0.0025854374439662872,,,
4683,1642612347.7374644,11.697339520437852,-0.029164511229155463,11.241259474518923,-2.0221518102751275,58.85997088250289,-0.002585488770844537,,,
4684,1642612347.7427812,11.670752144998016,-0.026539459902277227,11.224360390545549,-2.0179194467374426,58.86589341525744,-0.002585540097722787,,,
4685,1642612347.7453716,11.657798251089774,-0.023289408575398973,11.204185209023047,-2.0126371659860154,58.87109066816423,-0.002585591424601037,,,
4686,1642612347.7486403,11.641452380359723,-0.020914357248520705,11.18617740207999,-2.0062799697465836,58.87575790579079,-0.002585642751479287,,,
4687,1642612347.7527297,11.621002754191828,-0.026664305921642463,11.165052056894224,-2.0000727734119126,58.881708299121314,-0.002585694078357537,,,
4688,1642612347.7568436,11.600430325348135,-0.0312892545947642,11.148838473681673,-1.9946905303609974,58.88869079371183,-0.002585745405235787,,,
4689,1642612347.760454,11.582347673713256,-0.030914203267885965,11.128304447413072,-1.98974276715456,58.89558959203361,-0.002585796732114037,,,
4690,1642612347.7638688,11.565214905423353,-0.026039151941007727,11.10630548701963,-1.983627228579294,58.9014004763108,-0.0025858480589922867,,,
4691,1642612347.7679634,11.54467185141157,-0.020164100614129456,11.089339378952582,-1.9774267117299298,58.905900287037646,-0.002585899385870537,,,
4692,1642612347.7720463,11.524187409816612,-0.023789049287251222,11.073147820979477,-1.9712761482105803,58.911209039518745,-0.0025859507127487867,,,
4693,1642612347.7756085,11.506315407371634,-0.030163997960372963,11.05255003966763,-1.96569994032281,58.91794042239489,-0.002586002039627037,,,
4694,1642612347.7790353,11.489122830493134,-0.029163946633494715,11.030416286135587,-1.9613473480588584,58.92444863431121,-0.0025860533665052867,,,
4695,1642612347.783137,11.46854389132819,-0.027538895306616476,11.017337249957563,-1.957069680662575,58.930594200576614,-0.0025861046933835364,,,
4696,1642612347.7872343,11.447987679426916,-0.02178884397973822,10.996905358419303,-1.9511938450780546,58.9354565882299,-0.0025861560202617867,,,
4697,1642612347.790825,11.430046149167623,-0.022538792652859973,10.976543880525949,-1.9455812810223474,58.94048633405841,-0.0025862073471400364,,,
4698,1642612347.794231,11.41310165949175,-0.0302887413259817,10.954274166725064,-1.9409052855799387,58.94724555460237,-0.0025862586740182866,,,
4699,1642612347.798265,11.39303300729269,-0.03103868999910345,10.941325887161629,-1.9358736195856887,58.954172133321556,-0.0025863100008965364,,,
4700,1642612347.8023484,11.37271883434864,-0.028413638672225214,10.920775560591151,-1.9315668434323046,58.960512906884084,-0.0025863613277747866,,,
4701,1642612347.8068004,11.350570965405788,-0.022413587345346958,10.900394539333567,-1.925960293473353,58.96551471195806,-0.0025864126546530364,,,
4702,1642612347.8094044,11.337616484358618,-0.02128853601846872,10.884153152205286,-1.91930392818411,58.97026545113398,-0.002586463981531286,,,
4703,1642612347.8135164,11.317159980547908,-0.029413484691590466,10.865561759642429,-1.913197481802698,58.97682934984001,-0.0025865153084095364,,,
4704,1642612347.8168056,11.30079667524423,-0.033038433364712204,10.844216175017733,-1.9079409044996758,58.98420219030029,-0.002586566635287786,,,
4705,1642612347.8212478,11.278653242978105,-0.03003838203783395,10.827947365197929,-1.9037591589018459,58.99090554078924,-0.0025866179621660363,,,
4706,1642612347.8246503,11.261639710182054,-0.025163330710955712,10.807383923427157,-1.896135107213455,58.996520977233615,-0.002586669289044286,,,
4707,1642612347.828726,11.241259474518923,-0.021163279384077457,10.788965284644275,-1.8867905975897135,59.001243764200915,-0.002586720615922536,,,
4708,1642612347.8321056,11.224360390545549,-0.02641322805719921,10.767225418906186,-1.8807028535798167,59.007138127119305,-0.002586771942800786,,,
4709,1642612347.8361404,11.204185209023047,-0.03178817673032095,10.750941448618486,-1.8749390733213436,59.01423196092699,-0.002586823269679036,,,
4710,1642612347.8397417,11.18617740207999,-0.031038125403442703,10.730414269856874,-1.869947807841165,59.02115841365129,-0.002586874596557286,,,
4711,1642612347.8439665,11.165052056894224,-0.026913074076564462,10.712404552718032,-1.8649316330915633,59.02716432196031,-0.002586925923435536,,,
4712,1642612347.847209,11.148838473681673,-0.02053802274968622,10.695175786856941,-1.8584950569901697,59.031747576966126,-0.002586977250313786,,,
4713,1642612347.8513155,11.128304447413072,-0.02416297142280796,10.674550540706699,-1.8518342156080858,59.03713977372618,-0.002587028577192036,,,
4714,1642612347.8557131,11.10630548701963,-0.031037920095929702,10.653402667131685,-1.8493072029490305,59.04406618063416,-0.0025870799040702856,,,
4715,1642612347.8591025,11.089339378952582,-0.03078786876905145,10.631194369526808,-1.8497744950515107,59.050936786211615,-0.002587131230948536,,,
4716,1642612347.862337,11.073147820979477,-0.027912817442173214,10.61817277563409,-1.8454355460778358,59.05716579675598,-0.0025871825578267856,,,
4717,1642612347.866452,11.05255003966763,-0.02178776611529497,10.597821476513644,-1.8394691237123701,59.06202794387357,-0.0025872338847050358,,,
4718,1642612347.8708737,11.030416286135587,-0.021412714788416706,10.581474258001524,-1.8328016417386603,59.06680639472242,-0.0025872852115832855,,,
4719,1642612347.8734865,11.017337249957563,-0.029412663461538466,10.561092011765794,-1.8264847049905932,59.073370110163154,-0.0025873365384615358,,,
4720,1642612347.8775682,10.996905358419303,-0.031787612134660206,10.543058175470678,-1.8211943451479677,59.080463817975954,-0.0025873878653397855,,,
4721,1642612347.881636,10.976543880525949,-0.029162560807781963,10.521941530383778,-1.8168804857895897,59.08697172063209,-0.0025874391922180353,,,
4722,1642612347.8860865,10.954274166725064,-0.025162509480903712,10.505650254733903,-1.8114399172470872,59.092586973811166,-0.0025874905190962855,,,
4723,1642612347.8886757,10.941325887161629,-0.021537458154025472,10.48533942491806,-1.8044819677006394,59.09739326232784,-0.0025875418459745353,,,
4724,1642612347.892785,10.920775560591151,-0.028037406827147227,10.46709561937425,-1.7975823622338891,59.10365007617777,-0.0025875931728527855,,,
4725,1642612347.8968606,10.900394539333567,-0.033287355500268956,10.445908224654222,-1.7915671083246645,59.111078465978785,-0.0025876444997310353,,,
4726,1642612347.9001083,10.884153152205286,-0.030537304173390702,10.429373318475289,-1.7870288336364373,59.11789315568492,-0.0025876958266092855,,,
4727,1642612347.903826,10.865561759642429,-0.026287252846512475,10.408997847292884,-1.7823153356237311,59.12375940603756,-0.0025877471534875352,,,
4728,1642612347.9080944,10.844216175017733,-0.02091220151963421,10.391035527152647,-1.7759997120890023,59.12842616259273,-0.002587798480365785,,,
4729,1642612347.9113476,10.827947365197929,-0.024537150192755975,10.373812509823061,-1.7694087317423965,59.13390186090215,-0.002587849807244035,,,
4730,1642612347.9154596,10.807383923427157,-0.031412098865877716,10.351595329384494,-1.7634185626005083,59.140911769359484,-0.002587901134122285,,,
4731,1642612347.9191375,10.788965284644275,-0.030537047538999454,10.33533542956508,-1.7560294058279409,59.14772640179522,-0.002587952461000535,,,
4732,1642612347.9234715,10.767225418906186,-0.028911996212121215,10.313016352395847,-1.7475929707783218,59.15417838858003,-0.002588003787878785,,,
4733,1642612347.9267178,10.750941448618486,-0.025036944885242975,10.295945396512396,-1.7413993225241509,59.159765620826,-0.0025880551147570347,,,
4734,1642612347.93081,10.730414269856874,-0.025161893558364713,10.275250939390615,-1.7343575338191946,59.1653807365561,-0.002588106441635285,,,
4735,1642612347.9344003,10.712404552718032,-0.03228684223148645,10.258956533393388,-1.7274155377919174,59.17258585231056,-0.0025881577685135347,,,
4736,1642612347.937835,10.695175786856941,-0.03341179090460822,10.232655386093077,-1.7217707236568616,59.18004201105491,-0.002588209095391785,,,
4737,1642612347.9419467,10.674550540706699,-0.029786739577729954,10.219537666476569,-1.7174979282402065,59.186689205136844,-0.0025882604222700347,,,
4738,1642612347.9461627,10.653402667131685,-0.024536688250851726,10.203214587868159,-1.7121275362862372,59.19216480035954,-0.0025883117491482845,,,
4739,1642612347.9505982,10.631194369526808,-0.021661636923973458,10.182774600170632,-1.705734384621313,59.19699880054913,-0.0025883630760265347,,,
4740,1642612347.9532065,10.61817277563409,-0.029786585597095204,10.162111205044301,-1.7022372696172394,59.20364596026883,-0.0025884144029047844,,,
4741,1642612347.957283,10.597821476513644,-0.03328653427021695,10.144228467064858,-1.6995457496333075,59.21107416680455,-0.0025884657297830346,,,
4742,1642612347.9605575,10.581474258001524,-0.0315364829433387,10.127123719560759,-1.6948823607839871,59.218111832751134,-0.0025885170566612844,,,
4743,1642612347.9646401,10.561092011765794,-0.026411431616460465,10.105929689785183,-1.6895931329167908,59.2240057947767,-0.0025885683835395346,,,
4744,1642612347.9682524,10.543058175470678,-0.021536380289582224,10.089458275081208,-1.6829520808473646,59.228811842757665,-0.0025886197104177844,,,
4745,1642612347.9724822,10.521941530383778,-0.027161328962703964,10.066891627413634,-1.676361107001083,59.234873151504374,-0.002588671037296034,,,
4746,1642612347.9757454,10.505650254733903,-0.03391127763582572,10.048654738005554,-1.6702457888997806,59.242440775460786,-0.0025887223641742844,,,
4747,1642612347.9798138,10.48533942491806,-0.03353622630894745,10.032221418507602,-1.665156873925057,59.249924703148466,-0.002588773691052534,,,
4748,1642612347.9834678,10.46709561937425,-0.030036174982069203,10.011867864214897,-1.6603869794540391,59.25662756111195,-0.0025888250179307844,,,
4749,1642612347.987711,10.445908224654222,-0.022661123655190962,9.989498411521343,-1.654272388789537,59.26168460626648,-0.002588876344809034,,,
4750,1642612347.9910223,10.429373318475289,-0.023536072328312726,9.976581124551439,-1.6475566246492417,59.266936904534454,-0.0025889276716872843,,,
4751,1642612347.995103,10.408997847292884,-0.031536021001434454,9.956109903404206,-1.641216362017406,59.27397446739432,-0.002588978998565534,,,
4752,1642612347.9987001,10.391035527152647,-0.03291096967455622,9.93591250493007,-1.6358023213641388,59.2813188631205,-0.002589030325443784,,,
4753,1642612348.0021493,10.373812509823061,-0.029910918347677968,9.913798347744269,-1.630763782219461,59.28799376887536,-0.002589081652322034,,,
4754,1642612348.0065987,10.351595329384494,-0.024910867020799712,9.900839392106722,-1.6244235504239084,59.29355286564741,-0.002589132979200284,,,
4755,1642612348.009855,10.33533542956508,-0.02341081569392146,9.88057413323099,-1.6177078376776968,59.29877721170676,-0.002589184306078534,,,
4756,1642612348.0143187,10.313016352395847,-0.031035764367043205,9.860386259023743,-1.6113175609424688,59.305703137543354,-0.002589235632956784,,,
4757,1642612348.0177255,10.295945396512396,-0.03528571304016496,9.844247388778212,-1.6031446381634162,59.31357747982527,-0.002589286959835034,,,
4758,1642612348.0218554,10.275250939390615,-0.03478566171328671,9.821276712585316,-1.5976682371727713,59.32134023090024,-0.002589338286713284,,,
4759,1642612348.0251071,10.258956533393388,-0.02828561038640848,9.804930105758443,-1.592464209590555,59.32765243373378,-0.0025893896135915336,,,
4760,1642612348.030356,10.232655386093077,-0.02141055905953021,9.784645046122934,-1.585810988265374,59.33243040351124,-0.002589440940469784,,,
4761,1642612348.0329738,10.219537666476569,-0.026910507732651964,9.768000252378386,-1.5789578869929461,59.33843573911622,-0.0025894922673480336,,,
4762,1642612348.0362313,10.203214587868159,-0.0320354564057737,9.74490507923072,-1.5726544940498424,59.345584755734066,-0.0025895435942262838,,,
4763,1642612348.0403104,10.182774600170632,-0.032035405078895456,9.727555371612791,-1.5675504526104065,59.352733760897834,-0.0025895949211045335,,,
4764,1642612348.044434,10.162111205044301,-0.02903535375201723,9.711071598803787,-1.5623964488787492,59.35921327609028,-0.0025896462479827837,,,
4765,1642612348.048009,10.144228467064858,-0.023285302425138977,9.690291548884941,-1.5571065386522918,59.364409612670606,-0.0025896975748610335,,,
4766,1642612348.0514345,10.127123719560759,-0.026410251098260715,9.671790653778816,-1.5516087682838668,59.37030331125231,-0.0025897489017392833,,,
4767,1642612348.055679,10.105929689785183,-0.03316019977138247,9.654633550450272,-1.5451941393089483,59.37770332504371,-0.0025898002286175335,,,
4768,1642612348.0589778,10.089458275081208,-0.03291014844450422,9.63437721464677,-1.5397056503856215,59.385047537504605,-0.0025898515554957833,,,
4769,1642612348.0634973,10.066891627413634,-0.030535097117625955,9.613851794502375,-1.535043179376506,59.391861734685264,-0.002589902882374033,,,
4770,1642612348.0671496,10.048654738005554,-0.025410045790747713,9.591924992635725,-1.5289289476482564,59.39753222794489,-0.0025899542092522833,,,
4771,1642612348.0704408,10.032221418507602,-0.023659994463869464,9.578760100789529,-1.5218635658896689,59.40281218061539,-0.002590005536130533,,,
4772,1642612348.074517,10.011867864214897,-0.030284943136991205,9.558293021940283,-1.5149984386841997,59.40957055355737,-0.0025900568630087832,,,
4773,1642612348.078997,9.989498411521343,-0.03353489181011296,9.538003348253836,-1.5089342988587822,59.41705418343895,-0.002590108189887033,,,
4774,1642612348.0815837,9.976581124551439,-0.03165984048323472,9.521652307309294,-1.5048757096810146,59.42411937779317,-0.002590159516765283,,,
4775,1642612348.0856833,9.956109903404206,-0.02703478915635648,9.503777279815708,-1.5001705524276736,59.43015244797924,-0.002590210843643533,,,
4776,1642612348.089728,9.93591250493007,-0.025159737829478213,9.482585707767209,-1.4932960130171824,59.43576708263795,-0.0025902621705217828,,,
4777,1642612348.0941567,9.913798347744269,-0.03165968650259997,9.466380807612971,-1.4863212238913657,59.442832242629926,-0.002590313497400033,,,
4778,1642612348.096752,9.900839392106722,-0.03353463517572171,9.446069096604472,-1.4799480051011833,59.4503158152411,-0.0025903648242782827,,,
4779,1642612348.1008103,9.88057413323099,-0.03190958384884347,9.428172247450345,-1.4746525916813435,59.45743674220135,-0.002590416151156533,,,
4780,1642612348.1048532,9.860386259023743,-0.029409532521965216,9.407091252532549,-1.46925692854618,59.46399975894316,-0.0025904674780347827,,,
4781,1642612348.1080852,9.844247388778212,-0.023909481195086964,9.390876840367067,-1.462482700603275,59.46933538694929,-0.002590518804913033,,,
4782,1642612348.1126788,9.821276712585316,-0.02603442986820873,9.370355865111216,-1.4541107873308554,59.47514521745104,-0.0025905701317912827,,,
4783,1642612348.1159463,9.804930105758443,-0.033284378541330456,9.348452543686243,-1.445560078675243,59.48257294291537,-0.0025906214586695325,,,
4784,1642612348.120001,9.784645046122934,-0.03428432721445221,9.331451422155281,-1.4399235427018848,59.49022381643137,-0.0025906727855477827,,,
4785,1642612348.1233282,9.768000252378386,-0.03153427588757396,9.31506964931397,-1.4346623437268675,59.49726098985248,-0.0025907241124260324,,,
4786,1642612348.1279447,9.74490507923072,-0.025534224560695727,9.294656154714058,-1.4281750877280388,59.50295919478504,-0.0025907754393042826,,,
4787,1642612348.1314127,9.727555371612791,-0.02578417323381748,9.272273845914153,-1.4210622974638825,59.508713178139956,-0.0025908267661825324,,,
4788,1642612348.1347077,9.711071598803787,-0.03290912190693922,9.255183395245261,-1.4143248441977443,59.51605716151923,-0.0025908780930607826,,,
4789,1642612348.1388614,9.690291548884941,-0.03478407058006096,9.238767081803951,-1.4083880982170063,59.52381955751769,-0.0025909294199390324,,,
4790,1642612348.1425626,9.671790653778816,-0.03203401925318271,9.218269022286798,-1.4012649250212876,59.53096825342128,-0.002590980746817282,,,
4791,1642612348.1459982,9.654633550450272,-0.027408967926304467,9.19616033602507,-1.3919698869785333,59.537084825156704,-0.0025910320736955324,,,
4792,1642612348.1500545,9.63437721464677,-0.023283916599426226,9.179025162218784,-1.3848846117090976,59.54228085247685,-0.002591083400573782,,,
4793,1642612348.1541646,9.613851794502375,-0.030533865272547957,9.162746089483273,-1.37777442150672,59.549094774759574,-0.0025911347274520324,,,
4794,1642612348.1585553,9.591924992635725,-0.035283813945669706,9.14217216333124,-1.3709633435522932,59.556968693240506,-0.002591186054330282,,,
4795,1642612348.1611915,9.578760100789529,-0.03428376261879146,9.125881133876865,-1.3653237587183622,59.56461944076161,-0.0025912373812085323,,,
4796,1642612348.1652899,9.558293021940283,-0.030283711291913207,9.102741295856275,-1.3595346331124785,59.571377538805656,-0.002591288708086782,,,
4797,1642612348.1693528,9.538003348253836,-0.02528365996503498,9.085364596328903,-1.3523247831774015,59.57701982786689,-0.002591340034965032,,,
4798,1642612348.172627,9.521652307309294,-0.02878360863815673,9.068946825654551,-1.3449155421347683,59.58344316374415,-0.002591391361843282,,,
4799,1642612348.1762087,9.503777279815708,-0.03428355731127846,9.048407573987229,-1.3405969504642359,59.59109386544894,-0.002591442688721532,,,
4800,1642612348.180458,9.482585707767209,-0.034783505984400206,9.024922130642835,-1.3394255753648305,59.598856135452515,-0.002591494015599782,,,
4801,1642612348.1837075,9.466380807612971,-0.031783454657521956,9.011963906749001,-1.3342332267875585,59.605948915484774,-0.002591545342478032,,,
4802,1642612348.1877804,9.446069096604472,-0.026408403330643718,8.991538614886599,-1.327487629700003,59.61184220171957,-0.0025915966693562816,,,
4803,1642612348.191369,9.428172247450345,-0.026908352003765467,8.971049085064934,-1.32024099167438,59.617847056253154,-0.002591647996234532,,,
4804,1642612348.1955962,9.407091252532549,-0.03378330067688721,8.953175467695536,-1.3133450997930018,59.625386120934664,-0.0025916993231127816,,,
4805,1642612348.1988475,9.390876840367067,-0.03678324935000896,8.936134564612896,-1.3074513206487834,59.63359465267933,-0.002591750649991032,,,
4806,1642612348.2029624,9.370355865111216,-0.03515819802313072,8.915505852546158,-1.3022089183839147,59.64144053877307,-0.0025918019768692816,,,
4807,1642612348.2073514,9.348452543686243,-0.028158146696252467,8.899120414566385,-1.2935069258800151,59.64772429687252,-0.0025918533037475313,,,
4808,1642612348.2107546,9.331451422155281,-0.026283095369374232,8.872604965377288,-1.2815350203775449,59.65358961944461,-0.0025919046306257815,,,
4809,1642612348.2140338,9.31506964931397,-0.03240804404249597,8.859625376385305,-1.2743505343145716,59.66082178253531,-0.0025919559575040313,,,
4810,1642612348.21812,9.294656154714058,-0.03553299271561771,8.839061307155996,-1.2677393121401084,59.66875130762739,-0.0025920072843822815,,,
4811,1642612348.2226005,9.272273845914153,-0.033657941388739475,8.822675099183067,-1.2622247593642013,59.67626239719211,-0.0025920586112605313,,,
4812,1642612348.2260215,9.255183395245261,-0.02965789006186122,8.802169620452204,-1.2561120390962555,59.68288083727977,-0.0025921099381387815,,,
4813,1642612348.2293077,9.238767081803951,-0.024907838734982965,8.783895363560035,-1.2486534291791564,59.688439258261056,-0.0025921612650170313,,,
4814,1642612348.2334108,9.218269022286798,-0.030157787408104722,8.766415067708003,-1.2413942220714582,59.69516925519343,-0.002592212591895281,,,
4815,1642612348.2378297,9.19616033602507,-0.03553273608122646,8.745925133395094,-1.2346335066364005,59.7030987230151,-0.0025922639187735312,,,
4816,1642612348.2412465,9.179025162218784,-0.035657684754348225,8.72538976155278,-1.2317274395769897,59.71105607432091,-0.002592315245651781,,,
4817,1642612348.2444925,9.162746089483273,-0.034157633427469976,8.707396619625543,-1.2290558431660754,59.718678674914024,-0.0025923665725300312,,,
4818,1642612348.248595,9.14217216333124,-0.028282582100591733,8.690491895967538,-1.2220169815512254,59.7249902019568,-0.002592417899408281,,,
4819,1642612348.2518435,9.125881133876865,-0.029032530773713483,8.670137398821423,-1.2144025102335632,59.7314690871748,-0.002592469226286531,,,
4820,1642612348.2564576,9.102741295856275,-0.03615747944683523,8.649026738000831,-1.2071384265710288,59.73953797241716,-0.002592520553164781,,,
4821,1642612348.2599225,9.085364596328903,-0.037157428119956974,8.6267693281747,-1.2009505122763502,59.74783000571118,-0.0025925718800430307,,,
4822,1642612348.2631962,9.068946825654551,-0.03428237679307871,8.613737115177152,-1.195363255192538,59.755480443972104,-0.002592623206921281,,,
4823,1642612348.2672918,9.048407573987229,-0.027407325466200467,8.593189706983374,-1.1884495797378576,59.76159664917695,-0.0025926745337995307,,,
4824,1642612348.2719836,9.024922130642835,-0.025907274139322218,8.576606501738137,-1.18173075520456,59.767378103669095,-0.002592725860677781,,,
4825,1642612348.2745807,9.011963906749001,-0.033657222812443974,8.554406416900509,-1.1757461673836223,59.774889032876686,-0.0025927771875560307,,,
4826,1642612348.2786744,8.991538614886599,-0.03615717148556573,8.537444078663759,-1.169069873237618,59.78295784939456,-0.002592828514434281,,,
4827,1642612348.282781,8.971049085064934,-0.03440712015868747,8.516877005850773,-1.1633715330431142,59.7906361253233,-0.0025928798413125307,,,
4828,1642612348.2863631,8.953175467695536,-0.02940706883180922,8.500684818621409,-1.156670184011446,59.79719859226924,-0.0025929311681907805,,,
4829,1642612348.2897785,8.936134564612896,-0.026157017504930966,8.47411460886659,-1.148664920402352,59.80303577936741,-0.0025929824950690307,,,
4830,1642612348.293913,8.915505852546158,-0.03253196617805271,8.461196751923259,-1.140559365175974,59.81029559686064,-0.0025930338219472804,,,
4831,1642612348.2971969,8.899120414566385,-0.03765691485117448,8.444971286563947,-1.1330807072046367,59.818699095366725,-0.0025930851488255306,,,
4832,1642612348.3025022,8.872604965377288,-0.036031863524296215,8.424618144586344,-1.1269059844037081,59.8267399482219,-0.0025931364757037804,,,
4833,1642612348.3050902,8.859625376385305,-0.03315681219741797,8.404098611958998,-1.1188979240110437,59.83413920604397,-0.0025931878025820306,,,
4834,1642612348.3091905,8.839061307155996,-0.02765676087053972,8.386257293324293,-1.1093466321878567,59.840311075130366,-0.0025932391294602804,,,
4835,1642612348.3124578,8.822675099183067,-0.03065670954366147,8.368864731056794,-1.1018701097702832,59.84715241127991,-0.00259329045633853,,,
4836,1642612348.3165464,8.802169620452204,-0.037406658216783226,8.348350549184737,-1.0948433219140872,59.85550006263916,-0.0025933417832167804,,,
4837,1642612348.3201902,8.783895363560035,-0.03640660688990498,8.327946107092435,-1.0887409776048351,59.86362454303858,-0.00259339311009503,,,
4838,1642612348.3236756,8.766415067708003,-0.03390655556302673,8.309952361683669,-1.0826636282380897,59.87119111321956,-0.00259344443697328,,,
4839,1642612348.3277612,8.745925133395094,-0.026906504236148467,8.292830570394479,-1.07498726938921,59.87719555540624,-0.00259349576385153,,,
4840,1642612348.3318558,8.72538976155278,-0.02640645290927022,8.272225733921754,-1.0668362118137755,59.883088406385966,-0.00259354709072978,,,
4841,1642612348.3354506,8.707396619625543,-0.03515640158239198,8.255917448391182,-1.0558312407903845,59.89093389158688,-0.00259359841760803,,,
4842,1642612348.3388352,8.690491895967538,-0.03803135025551371,8.233638862279172,-1.043827592763248,59.899420948912734,-0.00259364974448628,,,
4843,1642612348.3429105,8.670137398821423,-0.036281298928635464,8.216324485094725,-1.0377961205587956,59.90751746564946,-0.00259370107136453,,,
4844,1642612348.3471372,8.649026738000831,-0.03090624760175722,8.195864770891559,-1.030971177369772,59.91441448858872,-0.00259375239824278,,,
4845,1642612348.3515935,8.6267693281747,-0.027906196274878968,8.179335225603646,-1.0231791891909736,59.92064202155666,-0.0025938037251210296,,,
4846,1642612348.3542027,8.613737115177152,-0.03453114494800071,8.152951412751158,-1.0154863963397516,59.92834797479608,-0.00259385505199928,,,
4847,1642612348.3583167,8.593189706983374,-0.03803109362112247,8.139847244040759,-1.0086862799822665,59.936834974851536,-0.0025939063788775296,,,
4848,1642612348.3616369,8.576606501738137,-0.03678104229424421,8.11909907707317,-1.0028532289780578,59.94504301407072,-0.00259395770575578,,,
4849,1642612348.366085,8.554406416900509,-0.03328099096736596,8.102752218536057,-0.9964002809943286,59.95246998356572,-0.0025940090326340296,,,
4850,1642612348.3694878,8.537444078663759,-0.02840593964048772,8.08191150630655,-0.9953643022373789,59.95880903901613,-0.00259406035951228,,,
4851,1642612348.3736136,8.516877005850773,-0.03340588831360947,8.05970536598551,-0.9978196500910143,59.96626388054119,-0.0025941116863905296,,,
4852,1642612348.3768618,8.500684818621409,-0.03990583698673123,8.045752839117377,-0.9903966141060504,59.975169247399506,-0.0025941630132687793,,,
4853,1642612348.382192,8.47411460886659,-0.04040578565985298,8.02531961100476,-0.9837808865028871,59.98418618255662,-0.0025942143401470295,,,
4854,1642612348.3847833,8.461196751923259,-0.03728073433297471,8.009264341115266,-0.9773922218275141,59.9925057328042,-0.0025942656670252793,,,
4855,1642612348.3880382,8.444971286563947,-0.03078068300609646,7.986231035817248,-0.9697926204773187,59.999374734810345,-0.0025943169939035295,,,
4856,1642612348.392121,8.424618144586344,-0.030030631679218208,7.969993843216917,-0.9619155207908613,60.006076355733114,-0.0025943683207817793,,,
4857,1642612348.3962374,8.404098611958998,-0.03740558035233998,7.949761438876004,-0.9544925366011023,60.01442376655666,-0.0025944196476600295,,,
4858,1642612348.39981,8.386257293324293,-0.03740552902546173,7.933512433112631,-0.9401473473644814,60.02277116592614,-0.0025944709745382793,,,
4859,1642612348.4032865,8.368864731056794,-0.03515547769858347,7.910681654451251,-0.9317720241883692,60.030616444953594,-0.002594522301416529,,,
4860,1642612348.4073868,8.348350549184737,-0.030530426371705208,7.894215204102192,-0.9245267121654099,60.03742959981291,-0.0025945736282947792,,,
4861,1642612348.4114652,8.327946107092435,-0.030405375044826974,7.873785249427831,-0.9163577537039734,60.04421484827992,-0.002594624955173029,,,
4862,1642612348.4150617,8.309952361683669,-0.038405323717948726,7.857471608884085,-0.908313623964464,60.05278536133881,-0.0025946762820512792,,,
4863,1642612348.418484,8.292830570394479,-0.04078027239107047,7.835408499415444,-0.9007438146670508,60.06188586676977,-0.002594727608929529,,,
4864,1642612348.4226024,8.272225733921754,-0.03940522106419223,7.817848503897115,-0.8943722729464965,60.07067951642625,-0.002594778935807779,,,
4865,1642612348.425862,8.255917448391182,-0.03603016973731396,7.801453683144296,-0.8874016128132092,60.07871999129676,-0.002594830262686029,,,
4866,1642612348.430302,8.233638862279172,-0.030405118410435722,7.780837491519711,-0.8788365027553718,60.085505182493364,-0.0025948815895642787,,,
4867,1642612348.4337366,8.216324485094725,-0.03440506708355748,7.754593103371999,-0.8702270217122146,60.093183000258875,-0.002594932916442529,,,
4868,1642612348.4377952,8.195864770891559,-0.039280015756679214,7.741669242300282,-0.8623103881726696,60.10194870916081,-0.0025949842433207787,,,
4869,1642612348.4410741,8.179335225603646,-0.038779964429800966,7.725280945729669,-0.855516760005173,60.110602826855796,-0.002595035570199029,,,
4870,1642612348.446308,8.152951412751158,-0.034279913102922714,7.704825131989377,-0.8488479193208792,60.118252715320835,-0.0025950868970772787,,,
4871,1642612348.4489074,8.139847244040759,-0.029404861776044473,7.684396785335081,-0.840581940261489,60.1248146897413,-0.0025951382239555285,,,
4872,1642612348.4530232,8.11909907707317,-0.03252981044916621,7.666215962847942,-0.8319416397408409,60.132074026163124,-0.0025951895508337787,,,
4873,1642612348.456266,8.102752218536057,-0.03865475912228798,7.64910755093578,-0.823825413858903,60.14070020310357,-0.0025952408777120285,,,
4874,1642612348.4604,8.08191150630655,-0.040279707795409715,7.628415281411696,-0.8165327279823807,60.149689002786765,-0.0025952922045902787,,,
4875,1642612348.4648347,8.05970536598551,-0.036779656468531464,7.612132076300546,-0.811317101079065,60.15789673274577,-0.0025953435314685284,,,
4876,1642612348.4676507,8.045752839117377,-0.03277960514165321,7.589986939119711,-0.805964795686278,60.16521181322772,-0.002595394858346778,,,
4877,1642612348.4717746,8.02531961100476,-0.03165455381477497,7.5725483246157745,-0.7975090917014847,60.17227582781162,-0.0025954461852250284,,,
4878,1642612348.475015,8.009264341115266,-0.03765450248789673,7.552097888332055,-0.7891286206756032,60.18067878797591,-0.002595497512103278,,,
4879,1642612348.4796636,7.986231035817248,-0.03902945116101847,7.535917963356449,-0.7815254607966944,60.189388581006526,-0.0025955488389815284,,,
4880,1642612348.4829407,7.969993843216917,-0.03677939983414021,7.513639515274267,-0.774724686285693,60.197596253695124,-0.002595600165859778,,,
4881,1642612348.487024,7.949761438876004,-0.03327934850726196,7.496612143996773,-0.7671967696615413,60.20502285665954,-0.0025956514927380284,,,
4882,1642612348.4903035,7.933512433112631,-0.030404297180383722,7.480281271362907,-0.758565597608985,60.21180786459085,-0.002595702819616278,,,
4883,1642612348.4948742,7.910681654451251,-0.03627924585350546,7.459503979913663,-0.7493603944603755,60.21990392316434,-0.002595754146494528,,,
4884,1642612348.4981627,7.894215204102192,-0.04090419452662723,7.433381293411064,-0.7403704989467164,60.229032082997826,-0.002595805473372778,,,
4885,1642612348.5022428,7.873785249427831,-0.04027914319974897,7.420391505476608,-0.7334839859405472,60.23802075668613,-0.002595856800251028,,,
4886,1642612348.5055008,7.857471608884085,-0.03790409187287073,7.404231094446469,-0.7262972250707584,60.246479415094214,-0.002595908127129278,,,
4887,1642612348.509907,7.835408499415444,-0.031904040545992475,7.3839472058967,-0.7177092698321513,60.25359910501375,-0.002595959454007528,,,
4888,1642612348.513414,7.817848503897115,-0.03490398921911423,7.363409619856555,-0.7087460021954848,60.26138826199643,-0.002596010780885778,,,
4889,1642612348.516688,7.801453683144296,-0.04240393789223598,7.345416155128349,-0.7001830890167566,60.270851103818124,-0.002596062107764028,,,
4890,1642612348.5208054,7.780837491519711,-0.042153886565357734,7.328443435701795,-0.6925960250600827,60.2802581443093,-0.0025961134346422776,,,
4891,1642612348.526046,7.754593103371999,-0.039653835238479485,7.308135725791427,-0.6859097457909841,60.28910727458204,-0.002596164761520528,,,
4892,1642612348.5286262,7.741669242300282,-0.03402878391160121,7.287892333554676,-0.6779957245332155,60.296701121180874,-0.0025962160883987776,,,
4893,1642612348.531898,7.725280945729669,-0.03340373258472298,7.26965258286714,-0.6691390003441622,60.30415548163453,-0.002596267415277028,,,
4894,1642612348.535982,7.704825131989377,-0.041403681257844736,7.252477877840707,-0.660698661793948,60.313395106680076,-0.0025963187421552776,,,
4895,1642612348.5400603,7.684396785335081,-0.04327862993096647,7.23200849666285,-0.6529841795967756,60.32305314434481,-0.0025963700690335278,,,
4896,1642612348.54369,7.666215962847942,-0.040653578604088234,7.215547022939164,-0.6457953203525449,60.33212537685289,-0.0025964213959117776,,,
4897,1642612348.5471056,7.64910755093578,-0.03652852727720997,7.193254674942431,-0.637655362734653,60.34027706494568,-0.0025964727227900273,,,
4898,1642612348.5512366,7.628415281411696,-0.033653475950331725,7.176237142757338,-0.6287395109683573,60.34778715800538,-0.0025965240496682775,,,
4899,1642612348.5544875,7.612132076300546,-0.03840342462345348,7.155768952282824,-0.6200739612296607,60.35635724726328,-0.0025965753765465273,,,
4900,1642612348.5589168,7.589986939119711,-0.04215337329657524,7.139325339109291,-0.6112939305795407,60.365764173213655,-0.0025966267034247775,,,
4901,1642612348.562415,7.5725483246157745,-0.04177832196969697,7.117180336891934,-0.6030681902064009,60.37508740289529,-0.0025966780303030273,,,
4902,1642612348.566517,7.552097888332055,-0.03790327064281873,7.099941187654633,-0.5958024961470204,60.38354587803808,-0.002596729357181277,,,
4903,1642612348.5697627,7.535917963356449,-0.03390321931594048,7.079437446201038,-0.5869150987429433,60.39111170370381,-0.0025967806840595273,,,
4904,1642612348.5742316,7.513639515274267,-0.037528167989062215,7.062787189741868,-0.5778530655046704,60.39948647112378,-0.002596832010937777,,,
4905,1642612348.5776472,7.496612143996773,-0.04302811666218397,7.035561947958568,-0.5694646773865625,60.40908860437128,-0.0025968833378160272,,,
4906,1642612348.580923,7.480281271362907,-0.043278065335305725,7.02247968891984,-0.5621990243056193,60.418746516041125,-0.002596934664694277,,,
4907,1642612348.5850909,7.459503979913663,-0.03965301400842748,7.00602055384911,-0.5549084320294527,60.42759546304856,-0.002596985991572527,,,
4908,1642612348.5903273,7.433381293411064,-0.03440296268154923,6.9848156358016755,-0.5457216925704668,60.43527281119676,-0.002597037318450777,,,
4909,1642612348.5929275,7.420391505476608,-0.03590291135467098,6.968329027031357,-0.5365304845730118,60.443284887149495,-0.0025970886453290268,,,
4910,1642612348.5961623,7.404231094446469,-0.042902860027792734,6.950044839128608,-0.5279331105577079,60.45285906818837,-0.002597139972207277,,,
4911,1642612348.6002226,7.3839472058967,-0.044777808700914475,6.92883062863938,-0.519958959745484,60.46285166184643,-0.0025971912990855267,,,
4912,1642612348.6043336,7.363409619856555,-0.04277775737403622,6.912566241528839,-0.5129840454347974,60.47239792503892,-0.002597242625963777,,,
4913,1642612348.6079354,7.345416155128349,-0.03790270604715798,6.892194300334707,-0.5047850892325341,60.48085627418682,-0.0025972939528420267,,,
4914,1642612348.611333,7.328443435701795,-0.03340265472027973,6.869640332878918,-0.49558691704364244,60.488310394104786,-0.0025973452797202765,,,
4915,1642612348.615398,7.308135725791427,-0.04002760339340147,6.852489534881328,-0.486588600361015,60.497242934294235,-0.0025973966065985267,,,
4916,1642612348.61945,7.287892333554676,-0.04477755206652322,6.8362358849147755,-0.47813986837003797,60.50723547068189,-0.0025974479334767765,,,
4917,1642612348.6231017,7.26965258286714,-0.04215250073964499,6.815880645944626,-0.47091759091910057,60.516642201912894,-0.0025974992603550267,,,
4918,1642612348.6265407,7.252477877840707,-0.038527449412766715,6.793833356873213,-0.4628841334700758,60.52523996848148,-0.0025975505872332764,,,
4919,1642612348.6306393,7.23200849666285,-0.03590239808588848,6.776680200806392,-0.45293326235813175,60.53325192989341,-0.0025976019141115267,,,
4920,1642612348.6339355,7.215547022939164,-0.040652346759010236,6.760439484624669,-0.44300745346418613,60.54232388750354,-0.0025976532409897764,,,
4921,1642612348.6383991,7.193254674942431,-0.04452729543213198,6.740165950697852,-0.4337831089319143,60.55226057674436,-0.002597704567868026,,,
4922,1642612348.6418066,7.176237142757338,-0.04327724410525372,6.714024012659957,-0.42593663090511263,60.56191830514892,-0.0025977558947462764,,,
4923,1642612348.645905,7.155768952282824,-0.04002719277837547,6.701052377057445,-0.41834068247751,60.57085075370573,-0.002597807221624526,,,
4924,1642612348.6491976,7.139325339109291,-0.03527714145149721,6.684758127896806,-0.4091664726678391,60.57872318315616,-0.0025978585485027764,,,
4925,1642612348.6536262,7.117180336891934,-0.03640209012461898,6.6644381987215935,-0.39949123451987645,60.586846655596474,-0.002597909875381026,,,
4926,1642612348.657067,7.099941187654633,-0.044527038797740726,6.648211758000916,-0.3902385963936211,60.596783287566886,-0.0025979612022592764,,,
4927,1642612348.6611595,7.079437446201038,-0.04540198747086246,6.625217696088824,-0.3820945609647271,60.606915172650744,-0.002598012529137526,,,
4928,1642612348.6644828,7.062787189741868,-0.04202693614398422,6.608644286832725,-0.37440047970062157,60.61629388294864,-0.002598063856015776,,,
4929,1642612348.6699169,7.035561947958568,-0.03640188481710598,6.5883011647303205,-0.3650784613207378,60.62441730957263,-0.002598115182894026,,,
4930,1642612348.672528,7.02247968891984,-0.036526833490227714,6.571914575208081,-0.3551804102987914,60.632568619680754,-0.002598166509772276,,,
4931,1642612348.6758132,7.00602055384911,-0.046026782163349475,6.553744273704589,-0.345507777662321,60.64283993363939,-0.002598217836650526,,,
4932,1642612348.6800456,6.9848156358016755,-0.047651730836471215,6.532591996066993,-0.3367367877158915,60.653473870340775,-0.002598269163528776,,,
4933,1642612348.6833363,6.968329027031357,-0.04477667950959297,6.512276242460633,-0.3286420323579634,60.66346621200906,-0.002598320490407026,,,
4934,1642612348.6869879,6.950044839128608,-0.039901628182714734,6.493205160456934,-0.3196779208065155,60.67237063963276,-0.002598371817285276,,,
4935,1642612348.6912274,6.92883062863938,-0.03490157685583648,6.470361287467136,-0.30963057482264267,60.68015925827365,-0.0025984231441635256,,,
4936,1642612348.6944778,6.912566241528839,-0.04102652552895822,6.456428483457644,-0.2999444457720265,60.68931471743314,-0.002598474471041776,,,
4937,1642612348.698549,6.892194300334707,-0.046026474202079976,6.440177318045633,-0.290833686962538,60.699585962667285,-0.0025985257979200256,,,
4938,1642612348.7030563,6.869640332878918,-0.04502642287520173,6.419864850464458,-0.2826985488076169,60.70963403694161,-0.0025985771247982754,,,
4939,1642612348.7064838,6.852489534881328,-0.04227637154832347,6.397419871624029,-0.27421320181273,60.71906841112104,-0.0025986284516765256,,,
4940,1642612348.709732,6.8362358849147755,-0.03877632022144522,6.383398907931194,-0.2642519416900851,60.727721715576294,-0.0025986797785547753,,,
4941,1642612348.7138,6.815880645944626,-0.04415126889456699,6.363017342219831,-0.2540655509816917,60.73757449092084,-0.0025987311054330255,,,
4942,1642612348.718211,6.793833356873213,-0.04965121756768871,6.342694152515008,-0.24445453051440716,60.74865463209291,-0.0025987824323112753,,,
4943,1642612348.7216487,6.776680200806392,-0.04952616624081048,6.326205909035626,-0.2353609533246393,60.759706866872676,-0.0025988337591895255,,,
4944,1642612348.7249036,6.760439484624669,-0.04602611491393223,6.307927448158234,-0.22690526841690123,60.769978031928254,-0.0025988850860677753,,,
4945,1642612348.7289667,6.740165950697852,-0.03915106358705398,6.2857044998673,-0.2174227057818631,60.778714963927754,-0.002598936412946025,,,
4946,1642612348.734206,6.714024012659957,-0.03790101226017573,6.269402333853041,-0.20751615559360218,60.78717293509099,-0.0025989877398242753,,,
4947,1642612348.7368057,6.701052377057445,-0.04577596093329748,6.24822134764995,-0.1977842029736011,60.79738827590789,-0.002599039066702525,,,
4948,1642612348.7400713,6.684758127896806,-0.048275909606419226,6.229863935315633,-0.1886009636228139,60.80816150403508,-0.0025990903935807753,,,
4949,1642612348.7441437,6.6644381987215935,-0.045775858279540976,6.211750284754161,-0.1804153763823094,60.818376821943815,-0.002599141720459025,,,
4950,1642612348.7473958,6.648211758000916,-0.040525806952662724,6.191331651546532,-0.1713069806540387,60.82742054099331,-0.0025991930473372752,,,
4951,1642612348.7520032,6.625217696088824,-0.03840075562578448,6.174877731879571,-0.16075411973284934,60.83599003463901,-0.002599244374215525,,,
4952,1642612348.755324,6.608644286832725,-0.04652570429890623,6.152307431454637,-0.15020141809258905,60.84637268781482,-0.0025992957010937748,,,
4953,1642612348.7594,6.5883011647303205,-0.04940065297202797,6.134164139315443,-0.1409455123408258,60.857396913115565,-0.002599347027972025,,,
4954,1642612348.7626832,6.571914575208081,-0.04827560164514973,6.117699513254695,-0.13270648822907555,60.86817007251826,-0.0025993983548502748,,,
4955,1642612348.7663238,6.553744273704589,-0.043775550318271475,6.09703401632047,-0.12407064641600454,60.87793900269102,-0.002599449681728525,,,
4956,1642612348.770562,6.532591996066993,-0.04040049899139324,6.0737706123987,-0.11456675378784975,60.88695475807781,-0.0025995010086067747,,,
4957,1642612348.7746325,6.512276242460633,-0.04402544766451497,6.060594826034951,-0.10503806960082043,60.89677945521885,-0.002599552335485025,,,
4958,1642612348.7784536,6.493205160456934,-0.04902539633763673,6.040281404377021,-0.09575741302606913,60.90771993843454,-0.0025996036623632747,,,
4959,1642612348.7830286,6.470361287467136,-0.04840034501075847,6.0199896119169525,-0.09130459722277391,60.91852093550505,-0.0025996549892415245,,,
4960,1642612348.785817,6.456428483457644,-0.045525293683880225,5.992471685755751,-0.09295934188155738,60.92868033754247,-0.0025997063161197747,,,
4961,1642612348.7890692,6.440177318045633,-0.04065024235700199,5.984397605564139,-0.08118710006495654,60.93775182553529,-0.0025997576429980245,,,
4962,1642612348.7931342,6.419864850464458,-0.04240019103012374,5.970831144859575,-0.06899888229279082,60.94721383120908,-0.0025998089698762747,,,
4963,1642612348.797626,6.397419871624029,-0.04977513970324548,5.953914693118987,-0.05687010360088954,60.95832162678367,-0.0025998602967545244,,,
4964,1642612348.800432,6.383398907931194,-0.05090008837636722,5.932205948812497,-0.04536531934429185,60.96968046534815,-0.0025999116236327747,,,
4965,1642612348.8045108,6.363017342219831,-0.04802503704948898,5.921539136037616,-0.03457366984221012,60.98039770887952,-0.0025999629505110244,,,
4966,1642612348.808578,6.342694152515008,-0.043774985722610724,5.905276634642982,-0.023455184703788812,60.990166513057396,-0.002600014277389274,,,
4967,1642612348.8118777,6.326205909035626,-0.04052493439573247,5.891810473071233,-0.01153444889319856,60.99921003738751,-0.0026000656042675244,,,
4968,1642612348.8155305,6.307927448158234,-0.04752488306885423,,,61.009815666803775,-0.002600116931145774,,,
4969,1642612348.8199646,6.2857044998673,-0.049649831741975965,,,61.02089549871567,-0.0026001682580240244,,,
4970,1642612348.8232174,6.269402333853041,-0.04877478041509773,,,61.031780054605946,-0.002600219584902274,,,
4971,1642612348.8274436,6.24822134764995,-0.04602472908821948,,,61.04205091040134,-0.002600270911780524,,,
4972,1642612348.8311064,6.229863935315633,-0.04102467776134122,,,61.05120595721394,-0.002600322238658774,,,
4973,1642612348.8347206,6.211750284754161,-0.045649626434462964,,,61.06139310528651,-0.002600373565537024,,,
4974,1642612348.8387947,6.191331651546532,-0.05114957510758472,,,61.07280761918662,-0.002600424892415274,,,
4975,1642612348.8420777,6.174877731879571,-0.050399523780706466,,,61.08405475200333,-0.002600476219293524,,,
4976,1642612348.8465714,6.152307431454637,-0.046649472453828215,,,61.09446502521942,-0.0026005275461717737,,,
4977,1642612348.8501713,6.134164139315443,-0.04152442112694997,,,61.10373159451447,-0.002600578873050024,,,
4978,1642612348.8534381,6.117699513254695,-0.043524369800071724,,,61.11344447136695,-0.0026006301999282736,,,
4979,1642612348.8575385,6.09703401632047,-0.04789931847319347,,,61.124133659602975,-0.002600681526806524,,,
4980,1642612348.8621542,6.0737706123987,-0.04802426714631523,,,61.134850731323134,-0.0026007328536847736,,,
4981,1642612348.8647685,6.060594826034951,-0.04677421581943698,,,61.14528884220704,-0.002600784180563024,,,
4982,1642612348.868799,6.040281404377021,-0.04552416449255873,,,61.15544799225467,-0.0026008355074412736,,,
4983,1642612348.8728251,6.0199896119169525,-0.046024113165680475,,,61.1657187106011,-0.0026008868343195234,,,
4984,1642612348.8785734,5.992471685755751,-0.04952406183880223,,,61.17677047576356,-0.0026009381611977736,,,
4985,1642612348.8804927,5.984397605564139,-0.051274010511923984,,,61.18821275860699,-0.0026009894880760233,,,
4986,1642612348.8837175,5.970831144859575,-0.05102395918504573,,,61.1995992401199,-0.0026010408149542735,,,
4987,1642612348.8877387,5.953914693118987,-0.048398907858167466,,,61.21039991647615,-0.0026010921418325233,,,
4988,1642612348.892899,5.932205948812497,-0.045398856531289215,,,61.22053110286109,-0.0026011434687107735,,,
4989,1642612348.8954346,5.921539136037616,-0.046773805204410976,,,61.23096912211234,-0.0026011947955890233,,,
4990,1642612348.8993003,5.905276634642982,-0.05014875387753272,,,61.24216029324141,-0.002601246122467273,,,
4991,1642612348.9025013,5.891810473071233,-0.04852370255065448,,,61.25298881871955,-0.0026012974493455233,,,
4992,1642612348.906559,5.874740563657439,-0.04727365122377623,,,61.263538383361436,-0.002601348776223773,,,
4993,1642612348.9109318,5.8617411051199,-0.04627359989689798,,,61.27386477704349,-0.0026014001031020233,,,
4994,1642612348.9141471,5.853194300393276,-0.04739854857001972,,,61.28444221371544,-0.002601451429980273,,,
4995,1642612348.917711,5.843720947504831,-0.04902349724314148,,,61.29538227313013,-0.0026015027568585232,,,
4996,1642612348.9217455,5.832996564471765,-0.05039844591626322,,,61.30662916541114,-0.002601554083736773,,,
4997,1642612348.9260287,5.821611176149521,-0.04802339458938498,,,61.31734604241193,-0.0026016054106150228,,,
4998,1642612348.929386,5.812687287868668,-0.04539834326250671,,,61.327477114256055,-0.002601656737493273,,,
4999,1642612348.9334106,5.801988888744381,-0.046148291935628465,,,61.33777554427541,-0.0026017080643715228,,,
5000,1642612348.9366179,5.793463631649428,-0.049273240608750234,,,61.34877133629614,-0.002601759391249773,,,
5001,1642612348.9420614,5.781885764439617,-0.048898189281871965,,,61.35968343204813,-0.0026018107181280227,,,
5002,1642612348.9445927,5.779308122495558,-0.04652313795499373,,,61.3700655125199,-0.002601862045006273,,,
5003,1642612348.9479628,5.775876365042485,-0.04439808662811549,,,61.37997336758788,-0.0026019133718845227,,,
5004,1642612348.9519885,5.771776950497375,-0.04214803530123724,,,61.389379102313846,-0.0026019646987627725,,,
5005,1642612348.95601,5.767681663287015,-0.04477298397435898,,,61.39937061928832,-0.0026020160256410227,,,
5006,1642612348.9594622,5.764166388001339,-0.04689793264748072,,,61.40983633875841,-0.0026020673525192725,,,
5007,1642612348.9637783,5.759771262060555,-0.04677288132060248,,,61.42027415183621,-0.0026021186793975222,,,
5008,1642612348.9670234,5.756466723631565,-0.04327282999372423,,,61.42993089518983,-0.0026021700062757724,,,
5009,1642612348.9711072,5.752308069693561,-0.03964777866684599,,,61.438778673881025,-0.002602221333154022,,,
5010,1642612348.974709,5.7512870292184095,-0.04027272733996772,,,61.447765915809235,-0.0026022726600322724,,,
5011,1642612348.9785664,5.753192946139024,-0.042772676013089476,,,61.45731104504773,-0.002602323986910522,,,
5012,1642612348.9826884,5.755229623167302,-0.04239762468621124,,,61.46677247801749,-0.0026023753137887724,,,
5013,1642612348.9860768,5.756903823752984,-0.040647573359332986,,,61.47584337039811,-0.002602426640667022,,,
5014,1642612348.9904928,5.759085750522477,-0.038147522032454736,,,61.4843563525603,-0.002602477967545272,,,
5015,1642612348.9939148,5.7607765611758905,-0.03714747070557649,,,61.49264616376264,-0.002602529294423522,,,
5016,1642612348.997167,5.762383496877361,-0.04152241937869822,,,61.501912286348556,-0.002602580621301772,,,
5017,1642612349.0010397,5.764296953119499,-0.04239736805181999,,,61.51137366204791,-0.002602631948180022,,,
5018,1642612349.0055773,5.7672555506876595,-0.04052231672494173,,,61.52041660221991,-0.002602683275058272,,,
5019,1642612349.008681,5.770498255287058,-0.03564726539806348,,,61.52837162834732,-0.002602734601936522,,,
5020,1642612349.0127618,5.774761746754511,-0.03414721407118523,,,61.53599190376204,-0.002602785928814772,,,
5021,1642612349.0160072,5.778152413140056,-0.03977216274430698,,,61.544867439942486,-0.0026028372556930216,,,
5022,1642612349.0203884,5.782729762941757,-0.041772111417428724,,,61.554189283680344,-0.002602888582571272,,,
5023,1642612349.0240052,5.786508517648538,-0.03802206009055047,,,61.562674267817584,-0.0026029399094495216,,,
5024,1642612349.0274203,5.790076538902324,-0.033397008763672235,,,61.57012712778666,-0.002602991236327772,,,
5025,1642612349.0314913,5.794329817519218,-0.02927195743679399,,,61.57665944334046,-0.0026030425632060216,,,
5026,1642612349.0355637,5.798584590699608,-0.03327190610991572,,,61.58408438546316,-0.002603093890084272,,,
5027,1642612349.0395577,5.799182586780938,-0.037771854783037476,,,61.592513533907635,-0.0026031452169625216,,,
5028,1642612349.0428312,5.79927615692257,-0.03702180345615922,,,61.60077530126871,-0.0026031965438407714,,,
5029,1642612349.046896,5.799392346095525,-0.033896752129280984,,,61.60833968372026,-0.0026032478707190216,,,
5030,1642612349.0504277,5.799493296897272,-0.028521700802402742,,,61.61470457237435,-0.0026032991975972713,,,
5031,1642612349.0548432,5.7996195109557585,-0.028646649475524477,,,61.62109734451257,-0.0026033505244755215,,,
5032,1642612349.0583107,5.799718628518751,-0.035896598148646236,,,61.62910801161337,-0.0026034018513537713,,,
5033,1642612349.0621107,5.7998272462112,-0.036271546821767975,,,61.63720235207474,-0.0026034531782320215,,,
5034,1642612349.065473,5.799923358353038,-0.03277149549488972,,,61.64451562281192,-0.0026035045051102713,,,
5035,1642612349.069888,5.8,-0.02714644416801148,,,61.650573609875195,-0.002603555831988521,,,
5036,1642612349.0733817,5.8,-0.023271392841133238,,,61.655766842399636,-0.0026036071588667713,,,
5037,1642612349.0766354,5.8,-0.02939634151425498,,,61.66232691544269,-0.002603658485745021,,,
5038,1642612349.0802746,5.8,-0.033146290187376734,,,61.669723825178195,-0.0026037098126232712,,,
5039,1642612349.0847924,5.8,-0.030021238860498466,,,61.67642335000417,-0.002603761139501521,,,
5040,1642612349.0882118,5.8,-0.02602118753362024,,,61.68223022535309,-0.002603812466379771,,,
5041,1642612349.0922883,5.8,-0.02202113620674199,,,61.68714445122494,-0.002603863793258021,,,
5042,1642612349.0955315,5.8,-0.026396084879863727,,,61.69303498848035,-0.0026039151201362708,,,
5043,1642612349.1004426,5.8,-0.02939603355298548,,,61.69959499279891,-0.002603966447014521,,,
5044,1642612349.1032512,5.8,-0.028770982226107245,,,61.7060155109723,-0.0026040177738927708,,,
5045,1642612349.10733,5.8,-0.02552093089922899,,,61.711710749297936,-0.0026040691007710205,,,
5046,1642612349.110574,5.8,-0.02089587957235072,,,61.71637386345542,-0.0026041204276492707,,,
5047,1642612349.114678,5.8,-0.022645828245472475,,,61.72142749529388,-0.0026041717545275205,,,
5048,1642612349.1183226,5.8,-0.026645776918594228,,,61.727373753701244,-0.0026042230814057707,,,
5049,1642612349.122493,5.8,-0.02652072559171599,,,61.7332921057163,-0.0026042744082840205,,,
5050,1642612349.1257372,5.8,-0.025520674264837742,,,61.73898728677153,-0.0026043257351622707,,,
5051,1642612349.1298006,5.8,-0.020520622937959487,,,61.74356665884396,-0.0026043770620405205,,,
5052,1642612349.1338696,5.8,-0.020645571611081222,,,61.748173914400525,-0.0026044283889187702,,,
5053,1642612349.1371117,5.8,-0.025270520284202992,,,61.75381327121708,-0.0026044797157970204,,,
5054,1642612349.1411793,5.8,-0.02814546895732473,,,61.76009420015857,-0.00260453104267527,,,
5055,1642612349.1452441,5.8,-0.02627041763044649,,,61.765956693572704,-0.0026045823695535204,,,
5056,1642612349.148484,5.8,-0.020895366303568225,,,61.77061969318938,-0.00260463369643177,,,
5057,1642612349.1525936,5.8,-0.01689531497668997,,,61.77439004332899,-0.0026046850233100204,,,
5058,1642612349.1566563,5.8,-0.021770263649811737,,,61.77924828460504,-0.00260473635018827,,,
5059,1642612349.1598969,5.8,-0.024270212322933492,,,61.784664413191365,-0.00260478767706652,,,
5060,1642612349.1640115,5.8,-0.02177016099605524,,,61.78952263155924,-0.00260483900394477,,,
5061,1642612349.1672528,5.8,-0.018770109669176985,,,61.79371135995581,-0.00260489033082302,,,
5062,1642612349.1713197,5.8,-0.01577005834229873,,,61.79723059838105,-0.00260494165770127,,,
5063,1642612349.1753857,5.8,-0.020395007015420474,,,61.801781938066284,-0.00260499298457952,,,
5064,1642612349.1786275,5.8,-0.02376995568854224,,,61.80708642962934,-0.00260504431145777,,,
5065,1642612349.182695,5.8,-0.022519904361663987,,,61.81211196035612,-0.00260509563833602,,,
5066,1642612349.1867604,5.8,-0.018269853034785736,,,61.8161890517294,-0.0026051469652142696,,,
5067,1642612349.1900027,5.8,-0.013894801707907467,,,61.81928980881097,-0.00260519829209252,,,
5068,1642612349.194067,5.8,-0.014769750381029232,,,61.82258581900599,-0.0026052496189707696,,,
5069,1642612349.1981273,5.8,-0.022144699054150976,,,61.8275276191018,-0.00260530094584902,,,
5070,1642612349.20137,5.8,-0.02401964772727274,,,61.83288783181679,-0.0026053522727272696,,,
5071,1642612349.2054327,5.8,-0.021144596400394473,,,61.83760644949869,-0.0026054035996055194,,,
5072,1642612349.2094944,5.8,-0.015144545073516218,,,61.84098609869204,-0.0026054549264837696,,,
5073,1642612349.2127395,5.8,-0.011269493746637979,,,61.84350099334654,-0.0026055062533620194,,,
5074,1642612349.216801,5.8,-0.018769442419759735,,,61.84768957284005,-0.0026055575802402696,,,
5075,1642612349.2208638,5.8,-0.021394391092881476,,,61.85246393458207,-0.0026056089071185193,,,
5076,1642612349.2241094,5.8,-0.01814433976600322,,,61.85651301647633,-0.002605660233996769,,,
5077,1642612349.2281687,5.8,-0.015144288439124968,,,61.85989260839927,-0.0026057115608750193,,,
5078,1642612349.2322378,5.8,-0.01151923711224673,,,61.8624632356598,-0.002605762887753269,,,
5079,1642612349.2354774,5.8,-0.01514418578536847,,,61.865842804674585,-0.0026058142146315193,,,
5080,1642612349.2395377,5.8,-0.01914413445849022,,,61.87011500025827,-0.002605865541509769,,,
5081,1642612349.243602,5.8,-0.01864408313161197,,,61.874275604635,-0.0026059168683880193,,,
5082,1642612349.246841,5.8,-0.01564403180473372,,,61.87776671904041,-0.002605968195266269,,,
5083,1642612349.2509027,5.8,-0.012143980477855493,,,61.88047676372163,-0.002606019522144519,,,
5084,1642612349.2549644,5.8,-0.01251892915097723,,,61.88327048176343,-0.002606070849022769,,,
5085,1642612349.2582054,5.8,-0.016768877824098985,,,61.88701261625056,-0.002606122175901019,,,
5086,1642612349.262268,5.8,-0.016018826497220733,,,61.890587369654305,-0.002606173502779269,,,
5087,1642612349.2663567,5.8,-0.016018775170342482,,,61.89416211160397,-0.0026062248296575188,,,
5088,1642612349.2695925,5.8,-0.013018723843464232,,,61.89706736358231,-0.002606276156535769,,,
5089,1642612349.2736633,5.8,-0.01126867251658598,,,61.89958207497152,-0.0026063274834140187,,,
5090,1642612349.277728,5.8,-0.013643621189707718,,,61.902626778732795,-0.0026063788102922685,,,
5091,1642612349.2809696,5.8,-0.01589356986282947,,,61.90617357992791,-0.0026064301371705187,,,
5092,1642612349.2850745,5.8,-0.014643518535951219,,,61.90944142028677,-0.0026064814640487685,,,
5093,1642612349.2883165,5.8,-0.011893467209072995,,,61.91209556055075,-0.0026065327909270187,,,
5094,1642612349.2923853,5.8,-0.01126841588219473,,,61.91461021466955,-0.0026065841178052685,,,
5095,1642612349.296446,5.8,-0.013893364555316468,,,61.91771065103686,-0.0026066354446835187,,,
5096,1642612349.2996867,5.8,-0.016268313228438233,,,61.921341079776234,-0.0026066867715617685,,,
5097,1642612349.3037493,5.8,-0.013518261901559983,,,61.92435780842072,-0.0026067380984400182,,,
5098,1642612349.3078115,5.8,-0.010643210574681743,,,61.92673294203212,-0.0026067894253182684,,,
5099,1642612349.3110561,5.8,-0.009268159247803479,,,61.92880121986903,-0.002606840752196518,,,
5100,1642612349.315121,5.8,-0.01176810792092523,,,61.93142738501622,-0.0026068920790747684,,,
5101,1642612349.31918,5.8,-0.01489305659404697,,,61.93475091216479,-0.002606943405953018,,,
5102,1642612349.322418,5.8,-0.015393005267168719,,,61.93818600761215,-0.0026069947328312684,,,
5103,1642612349.3264756,5.8,-0.012392953940290495,,,61.940951613088195,-0.002607046059709518,,,
5104,1642612349.3305373,5.8,-0.008017902613412228,,,61.942740884272524,-0.002607097386587768,,,
5105,1642612349.3337774,5.8,-0.007767851286533977,,,61.94447435412633,-0.002607148713466018,,,
5106,1642612349.3378396,5.8,-0.013392799959655746,,,61.94746308474588,-0.002607200040344268,,,
5107,1642612349.3419044,5.8,-0.015517748632777485,,,61.95092601786105,-0.0026072513672225177,,,
5108,1642612349.345146,5.8,-0.013142697305899245,,,61.95385893569599,-0.002607302694100768,,,
5109,1642612349.3492095,5.8,-0.01026764597902098,,,61.95615025849784,-0.0026073540209790177,,,
5110,1642612349.3532689,5.8,-0.0073925946521427414,,,61.95779998626659,-0.002607405347857268,,,
5111,1642612349.3565078,5.8,-0.010267543325264479,,,61.96009128616028,-0.0026074566747355176,,,
5112,1642612349.3605685,5.8,-0.012392491998386245,,,61.962856788549594,-0.002607508001613768,,,
5113,1642612349.364629,5.8,-0.011642440671507995,,,61.965454909855524,-0.0026075593284920176,,,
5114,1642612349.3679,5.8,-0.009392389344629742,,,61.96755091081944,-0.0026076106553702674,,,
5115,1642612349.3719718,5.8,-0.007017338017751477,,,61.969116896503124,-0.0026076619822485176,,,
5116,1642612349.376031,5.8,-0.00901728669087323,,,61.97112918974423,-0.0026077133091267674,,,
5117,1642612349.3792713,5.8,-0.012392235363994995,,,61.97389463486314,-0.0026077646360050176,,,
5118,1642612349.383334,5.8,-0.011642184037116745,,,61.97649269889866,-0.0026078159628832673,,,
5119,1642612349.387395,5.8,-0.00876713271023848,,,61.978449167901076,-0.0026078672897615176,,,
5120,1642612349.3906355,5.8,-0.0056420813833602396,,,61.97970825199397,-0.0026079186166397673,,,
5121,1642612349.3946965,5.8,-0.007017030056481978,,,61.98127416895318,-0.002607969943518017,,,
5122,1642612349.3987582,5.8,-0.010391978729603745,,,61.98359323779019,-0.0026080212703962673,,,
5123,1642612349.402002,5.8,-0.011516927402725481,,,61.98616334961709,-0.002608072597274517,,,
5124,1642612349.406064,5.8,-0.01001687607584723,,,61.98839871073129,-0.0026081239241527673,,,
5125,1642612349.410124,5.8,-0.008391824748968994,,,61.99027142619457,-0.002608175251031017,,,
5126,1642612349.4133692,5.8,-0.006516773422090727,,,61.9917257061305,-0.0026082265779092673,,,
5127,1642612349.4174306,5.8,-0.009141722095212494,,,61.99376576831493,-0.002608277904787517,,,
5128,1642612349.4214928,5.8,-0.011766670768334233,,,61.996391612747864,-0.002608329231665767,,,
5129,1642612349.4247334,5.8,-0.010641619441455995,,,61.99876639128275,-0.002608380558544017,,,
5130,1642612349.4287937,5.8,-0.007891568114577743,,,62.000527469722755,-0.002608431885422267,,,
5131,1642612349.4320345,5.8,-0.0051415167876994895,,,62.00167484806788,-0.002608483212300517,,,
5132,1642612349.4360943,5.8,-0.008016465460821229,,,62.00346379853795,-0.0026085345391787668,,,
5133,1642612349.4401565,5.8,-0.01026641413394298,,,62.00575484644186,-0.002608585866057017,,,
5134,1642612349.4434004,5.8,-0.011141362807064745,,,62.008241147459216,-0.0026086371929352667,,,
5135,1642612349.4474618,5.8,-0.00976631148018648,,,62.01042059270209,-0.0026086885198135165,,,
5136,1642612349.4515226,5.8,-0.003891260153308239,,,62.01128896439462,-0.0026087398466917667,,,
5137,1642612349.4547613,5.8,-0.00489120882642999,,,62.01238048413883,-0.0026087911735700165,,,
5138,1642612349.4588227,5.8,-0.009891157499551745,,,62.01458778995769,-0.0026088425004482667,,,
5139,1642612349.4628816,5.8,-0.00976610617267348,,,62.01676718938424,-0.0026088938273265165,,,
5140,1642612349.4661446,5.8,-0.007641054845795242,,,62.018472363407,-0.0026089451542047662,,,
5141,1642612349.470297,5.8,-0.004016003518916976,,,62.01936857276735,-0.0026089964810830165,,,
5142,1642612349.4743676,5.8,-0.003015952192038725,,,62.02004161116788,-0.0026090478079612662,,,
5143,1642612349.4776068,5.8,-0.010640900865160495,,,62.02241622934564,-0.0026090991348395164,,,
5144,1642612349.4816706,5.8,-0.013515849538282235,,,62.025432419648325,-0.002609150461717766,,,
5145,1642612349.4857361,5.8,-0.010140798211403994,,,62.02769543516505,-0.002609201788596016,,,
5146,1642612349.4889755,5.8,-0.0047657468845257265,,,62.02875895688431,-0.002609253115474266,,,
5147,1642612349.4930353,5.8,-0.0006406955576474592,,,62.02890193418829,-0.002609304442352516,,,
5148,1642612349.4970934,5.8,-0.005515644230769227,,,62.0301328026287,-0.002609355769230766,,,
5149,1642612349.5003345,5.8,-0.010640592903890996,,,62.032507352081964,-0.002609407096109016,,,
5150,1642612349.5043983,5.8,-0.011265541577012733,,,62.03502136477225,-0.002609458422987266,,,
5151,1642612349.508458,5.8,-0.0072654902501344786,,,62.036642727985466,-0.002609509749865516,,,
5152,1642612349.511701,5.8,-0.0043904389232562405,,,62.03762249616559,-0.0026095610767437657,,,
5153,1642612349.515759,5.8,-0.00414038759637799,,,62.038546463015194,-0.002609612403622016,,,
5154,1642612349.5198178,5.8,-0.007515336269499729,,,62.04022358174261,-0.0026096637305002657,,,
5155,1642612349.523054,5.8,-0.007890284942621494,,,62.041984373830594,-0.002609715057378516,,,
5156,1642612349.527111,5.8,-0.006390233615743242,,,62.043410415205884,-0.0026097663842567656,,,
5157,1642612349.5311737,5.8,-0.004265182288864976,,,62.044362231177374,-0.002609817711135016,,,
5158,1642612349.534416,5.8,-0.004640130961986741,,,62.04539772050945,-0.0026098690380132656,,,
5159,1642612349.538475,5.8,-0.009390079635108496,,,62.04749320603973,-0.0026099203648915154,,,
5160,1642612349.5425375,5.8,-0.00876502830823023,,,62.04944920542484,-0.0026099716917697656,,,
5161,1642612349.5457788,5.8,-0.006389976981351993,,,62.05087518952973,-0.0026100230186480154,,,
5162,1642612349.5498378,5.8,-0.00438992565447374,,,62.05185484316904,-0.0026100743455262656,,,
5163,1642612349.5530777,5.8,-0.0017648743275955024,,,62.052248691651684,-0.0026101256724045153,,,
5164,1642612349.5571377,5.8,-0.005764823000717228,,,62.05353516670324,-0.0026101769992827656,,,
5165,1642612349.5611992,5.8,-0.009514771673838981,,,62.055658478447256,-0.0026102283261610153,,,
5166,1642612349.5644383,5.8,-0.007389720346960744,,,62.05730756478748,-0.002610279653039265,,,
5167,1642612349.5685265,5.8,-0.0035146690200824763,,,62.05809189658886,-0.0026103309799175153,,,
5168,1642612349.5726013,5.8,-0.0005146176932042238,,,62.05820673841892,-0.002610382306795765,,,
5169,1642612349.5758426,5.8,-0.004889566366325992,,,62.05929789163254,-0.0026104336336740153,,,
5170,1642612349.5799,5.8,-0.009514515039447731,,,62.061421146106156,-0.002610484960552265,,,
5171,1642612349.5839593,5.8,-0.009264463712569481,,,62.06348859924925,-0.0026105362874305153,,,
5172,1642612349.587199,5.8,-0.00651441238569123,,,62.064942352297464,-0.002610587614308765,,,
5173,1642612349.5912602,5.8,-0.0022643610588130034,,,62.065447665992174,-0.002610638941187015,,,
5174,1642612349.5953197,5.8,-0.001639309731934711,,,62.06581349354171,-0.002610690268065265,,,
5175,1642612349.598559,5.8,-0.00676425840505648,,,62.06732300210412,-0.0026107415949435148,,,
5176,1642612349.602619,5.8,-0.0075142070781782306,,,62.06899986884176,-0.0026107929218217646,,,
5177,1642612349.606679,5.8,-0.003889155751299991,,,62.069867770916986,-0.0026108442487000148,,,
5178,1642612349.6099184,5.8,-0.0007641044244217523,,,62.07003828808267,-0.0026108955755782645,,,
5179,1642612349.6139786,5.8,-0.0006390530975434604,,,62.070180898856066,-0.0026109469024565147,,,
5180,1642612349.6180382,5.8,-0.005889001770665243,,,62.071495085580544,-0.0026109982293347645,,,
5181,1642612349.6212776,5.8,-0.008513950443786982,,,62.07339505455352,-0.0026110495562130147,,,
5182,1642612349.625337,5.8,-0.00726389911690873,,,62.07501606269024,-0.0026111008830912645,,,
5183,1642612349.6293964,5.8,-0.005013847790030479,,,62.07613495048494,-0.0026111522099695143,,,
5184,1642612349.6326084,5.8,-0.003638796463152241,,,62.07694698250516,-0.0026112035368477645,,,
5185,1642612349.6366682,5.8,-0.006013745136273979,,,62.07828900689746,-0.0026112548637260142,,,
5186,1642612349.6407266,5.8,-0.007513693809395731,,,62.079965759094286,-0.0026113061906042644,,,
5187,1642612349.643966,5.8,-0.005013642482517479,,,62.08108460107267,-0.0026113575174825142,,,
5188,1642612349.6480243,5.8,-0.003388591155639241,,,62.08184079740013,-0.0026114088443607644,,,
5189,1642612349.6520908,5.8,-0.0008885398287609889,,,62.08203908350916,-0.002611460171239014,,,
5190,1642612349.655329,5.8,-0.0011384885018827116,,,62.082293148040534,-0.002611511498117264,,,
5191,1642612349.659389,5.8,-0.005263437175004479,,,62.08346773407903,-0.002611562824995514,,,
5192,1642612349.663449,5.8,-0.006138385848126244,,,62.08483757323097,-0.002611614151873764,,,
5193,1642612349.666683,5.8,-0.004263334521247978,,,62.08578897685557,-0.002611665478752014,,,
5194,1642612349.6707783,5.8,-0.002888283194369741,,,62.086433524705676,-0.002611716805630264,,,
5195,1642612349.6748538,5.8,-0.0025132318674914765,,,62.08699437628705,-0.002611768132508514,,,
5196,1642612349.6781042,5.8,-0.00701318054061323,,,62.088559434190195,-0.002611819459386764,,,
5197,1642612349.682174,5.8,-0.008638129213734996,,,62.090487114836094,-0.0026118707862650137,,,
5198,1642612349.6862416,5.8,-0.00601307788685673,,,62.09182899032534,-0.002611922113143264,,,
5199,1642612349.6894925,5.8,-0.0033880265599784917,,,62.09258506065792,-0.0026119734400215137,,,
5200,1642612349.693568,5.8,-0.000512975233100225,,,62.092699535957394,-0.002612024766899764,,,
5201,1642612349.6976354,5.8,-0.004012923906221978,,,62.09359505807291,-0.0026120760937780136,,,
5202,1642612349.7008836,5.8,-0.007387872579343745,,,62.09524373206622,-0.002612127420656264,,,
5203,1642612349.7049532,5.8,-0.0048878212524654935,,,62.09633449584109,-0.0026121787475345136,,,
5204,1642612349.7081978,5.8,-0.002012769925587227,,,62.096783664582865,-0.0026122300744127634,,,
5205,1642612349.7122674,5.8,0.00036228140129103935,,,62.09670281804441,-0.0026122814012910136,,,
5206,1642612349.7163358,5.8,-0.0013876672718307402,,,62.09701248918694,-0.0026123327281692634,,,
5207,1642612349.7195816,5.8,-0.005637615944952493,,,62.098270576774794,-0.0026123840550475136,,,
5208,1642612349.7236533,5.8,-0.005887564618074244,,,62.099584442785,-0.0026124353819257633,,,
5209,1642612349.727723,5.8,-0.0042625132911959795,,,62.1005356631443,-0.002612486708804013,,,
5210,1642612349.730967,5.8,-0.0007624619643177536,,,62.10070581377941,-0.0026125380356822633,,,
5211,1642612349.73507,5.8,0.00011258936256051087,,,62.100680688392906,-0.002612589362560513,,,
5212,1642612349.7391372,5.8,-0.00576235931056123,,,62.101966613648585,-0.0026126406894387633,,,
5213,1642612349.7423837,5.8,-0.008262307983682982,,,62.10381042621454,-0.002612692016317013,,,
5214,1642612349.7464528,5.8,-0.0055122566568047305,,,62.105040538685614,-0.002612743343195263,,,
5215,1642612349.75052,5.8,-0.0013872053299264905,,,62.105350106741405,-0.002612794670073513,,,
5216,1642612349.753765,5.8,0.0013628459969517895,,,62.10504597470232,-0.002612845996951763,,,
5217,1642612349.757832,5.8,-0.004637102676169994,,,62.106080788243624,-0.002612897323830013,,,
5218,1642612349.7619057,5.8,-0.008512051349291734,,,62.10798033341561,-0.002612948650708263,,,
5219,1642612349.76515,5.8,-0.007012000022413482,,,62.109545127874895,-0.002612999977586513,,,
5220,1642612349.7692506,5.8,-0.0032619486955352563,,,62.11027306273356,-0.0026130513044647628,,,
5221,1642612349.7724984,5.8,0.000988102631343025,,,62.11005255823873,-0.0026131026313430126,,,
5222,1642612349.7765667,5.8,-0.0003868460417787399,,,62.11013888661021,-0.0026131539582212628,,,
5223,1642612349.7806342,5.8,-0.005636794714900495,,,62.11139679093277,-0.0026132052850995125,,,
5224,1642612349.7838778,5.8,-0.005886743388022244,,,62.112710473677694,-0.0026132566119777627,,,
5225,1642612349.7879457,5.8,-0.003136692061143965,,,62.11341045632774,-0.0026133079388560125,,,
5226,1642612349.7920072,5.8,-0.0005116407342657262,,,62.113524633821115,-0.0026133592657342627,,,
5227,1642612349.795228,5.8,-0.0018865894073874915,,,62.113945644180816,-0.0026134105926125125,,,
5228,1642612349.7992616,5.8,-0.0038865380805092435,,,62.11481296209792,-0.0026134619194907623,,,
5229,1642612349.8033175,5.8,-0.005511486753630981,,,62.11604290275778,-0.0026135132463690125,,,
5230,1642612349.8065588,5.8,-0.004136435426752743,,,62.11696598764317,-0.0026135645732472622,,,
5231,1642612349.810618,5.8,-0.001011384099874477,,,62.11719168761901,-0.0026136159001255124,,,
5232,1642612349.81468,5.8,0.001488667227003775,,,62.116859477376416,-0.002613667227003762,,,
5233,1642612349.8179195,5.8,-0.0050112814461179805,,,62.11797779246708,-0.0026137185538820124,,,
5234,1642612349.8219798,5.8,-0.007761230119239734,,,62.11970978474447,-0.002613769880760262,,,
5235,1642612349.826042,5.8,-0.0067611787923614825,,,62.12121860606203,-0.002613821207638512,,,
5236,1642612349.8292832,5.8,-0.002011127465483228,,,62.12166740827322,-0.002613872534516762,,,
5237,1642612349.8333476,5.8,0.001863923861395039,,,62.12125145594556,-0.002613923861395012,,,
5238,1642612349.8374112,5.8,-0.0016360248117267139,,,62.121616550433934,-0.002613975188273262,,,
5239,1642612349.8406515,5.8,-0.007385973484848497,,,62.12326480062626,-0.002614026515151512,,,
5240,1642612349.844711,5.8,-0.0061359221579702465,,,62.12463408998232,-0.0026140778420297617,,,
5241,1642612349.8487725,5.8,-0.002885870831091993,,,62.12527809949064,-0.002614129168908012,,,
5242,1642612349.8520136,5.8,0.0002391804957862457,,,62.12522472408942,-0.0026141804957862617,,,
5243,1642612349.8560743,5.8,0.0008642318226645381,,,62.125031862543025,-0.002614231822664512,,,
5244,1642612349.8601367,5.8,-0.0033857168504572437,,,62.12578741744197,-0.0026142831495427617,,,
5245,1642612349.863373,5.8,-0.0050106655235789815,,,62.12690559508366,-0.0026143344764210114,,,
5246,1642612349.8674278,5.8,-0.004635614196700745,,,62.127940076456625,-0.0026143858032992616,,,
5247,1642612349.8716042,5.8,-0.0006355628698224637,,,62.12808190835253,-0.0026144371301775114,,,
5248,1642612349.8748477,5.8,0.0007394884570557461,,,62.12791688447395,-0.0026144884570557616,,,
5249,1642612349.8789158,5.8,-0.004510460216065981,,,62.128923436546444,-0.0026145397839340114,,,
5250,1642612349.882976,5.8,-0.006010408889187732,,,62.13026471642348,-0.0026145911108122616,,,
5251,1642612349.8862185,5.8,-0.0037603575623094804,,,62.131103875958516,-0.0026146424376905114,,,
5252,1642612349.890281,5.8,-0.0021353062354312153,,,62.13158038984263,-0.002614693764568761,,,
5253,1642612349.8943458,5.8,0.0007397450914469958,,,62.13141530869365,-0.0026147450914470113,,,
5254,1642612349.897586,5.8,-0.0015102035816747287,,,62.13175232497851,-0.002614796418325261,,,
5255,1642612349.9016464,5.8,-0.004885152254796495,,,62.13284249314118,-0.0026148477452035113,,,
5256,1642612349.9048862,5.8,-0.004760100927918232,,,62.133904754911555,-0.002614899072081761,,,
5257,1642612349.9089477,5.8,-0.002260049601040007,,,62.13440910646348,-0.0026149503989600113,,,
5258,1642612349.9130049,5.8,-0.00013499827416171362,,,62.13443923261162,-0.002615001725838261,,,
5259,1642612349.9162452,5.8,-0.0012599469472835065,,,62.13472040174965,-0.002615053052716511,,,
5260,1642612349.9203792,5.8,-0.004884895620405246,,,62.13581051264191,-0.002615104379594761,,,
5261,1642612349.9244423,5.8,-0.005134844293526996,,,62.13695640195653,-0.002615155706473011,,,
5262,1642612349.9276845,5.8,-0.0031347929666487163,,,62.13765596080559,-0.002615207033351261,,,
5263,1642612349.931778,5.8,-0.0007597416397705061,,,62.137825504374405,-0.002615258360229511,,,
5264,1642612349.935841,5.8,-0.00025969031289225543,,,62.137883456736276,-0.002615309687107761,,,
5265,1642612349.939082,5.8,-0.004009638986013982,,,62.13877824579062,-0.0026153610139860108,,,
5266,1642612349.9431443,5.8,-0.0038845876591357452,,,62.139645128452656,-0.0026154123408642605,,,
5267,1642612349.9472048,5.8,-0.00250953633225748,,,62.14020515534021,-0.0026154636677425108,,,
5268,1642612349.950581,5.8,-9.485005379227928e-06,,,62.14020727200932,-0.0026155149946207605,,,
5269,1642612349.9546416,5.8,0.0023655663214990383,,,62.13967937339821,-0.0026155663214990107,,,
5270,1642612349.9578822,5.8,-0.0016343823516227155,,,62.140044101356,-0.0026156176483772605,,,
5271,1642612349.9619489,5.8,-0.005009331024744482,,,62.141161981191594,-0.0026156689752555107,,,
5272,1642612349.9660084,5.8,-0.0038842796978662453,,,62.14202879512915,-0.0026157203021337605,,,
5273,1642612349.9692812,5.8,-0.0018842283709879937,,,62.14244927860113,-0.0026157716290120103,,,
5274,1642612349.973343,5.8,0.0007408229558902449,,,62.142283956916444,-0.0026158229558902605,,,
5275,1642612349.9774039,5.8,-0.0005091257172314787,,,62.14239757315987,-0.0026158742827685102,,,
5276,1642612349.9806473,5.8,-0.004009074390353232,,,62.14329223621931,-0.00261592560964676,,,
5277,1642612349.9847074,5.8,-0.0035090230634749814,,,62.144075308071805,-0.00261597693652501,,,
5278,1642612349.9887688,5.8,-0.0020089717365967302,,,62.144523629211605,-0.00261602826340326,,,
5279,1642612349.9920104,5.8,0.0011160795902815089,,,62.14427456544186,-0.00261607959028151,,,
5280,1642612349.996072,5.8,0.00024113091715974398,,,62.14422075478557,-0.00261613091715976,,,
5281,1642612350.0001316,5.8,-0.003133817755961967,,,62.14492009600709,-0.00261618224403801,,,
5282,1642612350.003371,5.8,-0.005008766429083733,,,62.1460378498478,-0.00261623357091626,,,
5283,1642612350.0070922,5.8,-0.002758715102205509,,,62.1466534833465,-0.0026162848977945097,,,
5284,1642612350.0111578,5.8,-0.000508663775327229,,,62.14676699650319,-0.00261633622467276,,,
5285,1642612350.015225,5.8,0.0022413875515509955,,,62.146266809565006,-0.0026163875515510097,,,
5286,1642612350.0184643,5.8,-0.0012585611215707574,,,62.146547669442846,-0.00261643887842926,,,
5287,1642612350.0225244,5.8,-0.004508509794692483,,,62.147553786260275,-0.0026164902053075097,,,
5288,1642612350.0265868,5.8,-0.0027584584678142588,,,62.148169362488574,-0.00261654153218576,,,
5289,1642612350.0298266,5.8,-0.001133407140935966,,,62.14842229306595,-0.0026165928590640096,,,
5290,1642612350.0338898,5.8,0.0001166441859422572,,,62.14839626280707,-0.0026166441859422594,,,
5291,1642612350.037951,5.8,-0.001383304487179494,,,62.148704960352724,-0.0026166955128205096,,,
5292,1642612350.0411909,5.8,-0.004008253160301232,,,62.149599440146886,-0.0026167468396987594,,,
5293,1642612350.0452528,5.8,-0.0028832018334229953,,,62.15024285404299,-0.0026167981665770096,,,
5294,1642612350.0493126,5.8,-0.0008831505065447437,,,62.150439937473536,-0.0026168494934552594,,,
5295,1642612350.0525522,5.8,0.0006169008203335078,,,62.150302270191375,-0.0026169008203335096,,,
5296,1642612350.0566137,5.8,0.00011695214721175714,,,62.150276171208006,-0.0026169521472117594,,,
5297,1642612350.0606868,5.8,-0.0038829965259099966,,,62.15114269879354,-0.002617003474090009,,,
5298,1642612350.0639293,5.8,-0.0035079451990317322,,,62.15192553011034,-0.0026170548009682593,,,
5299,1642612350.0679913,5.8,-0.001632893872153467,,,62.15228992589978,-0.002617106127846509,,,
5300,1642612350.072094,5.8,-0.0005078425452752296,,,62.152403255791185,-0.0026171574547247593,,,
5301,1642612350.075347,5.8,-0.00025779121839700735,,,62.15246078435207,-0.002617208781603009,,,
5302,1642612350.0794106,5.8,-0.003132739891518718,,,62.15315988503789,-0.0026172601084812593,,,
5303,1642612350.0834744,5.8,-0.0041326885646404965,,,62.154082133775375,-0.002617311435359509,,,
5304,1642612350.086715,5.8,-0.0033826372377622465,,,62.15483700142947,-0.002617362762237759,,,
5305,1642612350.0907764,5.8,-0.0027575859108840096,,,62.15545238293839,-0.002617414089116009,,,
5306,1642612350.0948374,5.8,0.0014924654159942717,,,62.15511932509382,-0.002617465415994259,,,
5307,1642612350.0980773,5.8,-0.0013824832571274945,,,62.155427839374184,-0.002617516742872509,,,
5308,1642612350.1021352,5.8,-0.004632431930249248,,,62.156461610594135,-0.002617568069750759,,,
5309,1642612350.1053758,5.8,-0.0030073806033709826,,,62.15713273616317,-0.0026176193966290086,,,
5310,1642612350.1094356,5.8,-0.0020073292764927315,,,62.15758069077238,-0.0026176707235072588,,,
5311,1642612350.1135256,5.8,0.0004927220503855205,,,62.157470735163145,-0.0026177220503855085,,,
5312,1642612350.116766,5.8,0.0018677733772637858,,,62.15705392377943,-0.0026177733772637587,,,
5313,1642612350.120826,5.8,-0.001382175295857995,,,62.15736236933531,-0.0026178247041420085,,,
5314,1642612350.1248906,5.8,-0.0013821239689797453,,,62.15767080343711,-0.0026178760310202583,,,
5315,1642612350.128129,5.8,-0.002132072642101468,,,62.15814659571413,-0.0026179273578985085,,,
5316,1642612350.1321898,5.8,-0.0003820213152232444,,,62.15823184740202,-0.0026179786847767583,,,
5317,1642612350.13625,5.8,0.00036803001165503424,,,62.15814971800651,-0.0026180300116550085,,,
5318,1642612350.1394885,5.8,-0.00225691866146676,,,62.15865337085952,-0.0026180813385332583,,,
5319,1642612350.1435535,5.8,-0.003506867334588483,,,62.159435961640625,-0.0026181326654115085,,,
5320,1642612350.1476145,5.8,-0.002006816007710232,,,62.15988380170903,-0.0026181839922897582,,,
5321,1642612350.150854,5.8,-0.00038176468083199466,,,62.15996899612651,-0.002618235319168008,,,
5322,1642612350.1549163,5.8,0.0016182866460462573,,,62.159607860078424,-0.002618286646046258,,,
5323,1642612350.158975,5.8,0.000243337972924492,,,62.159553556896654,-0.002618337972924508,,,
5324,1642612350.1622143,5.8,-0.003256610700197261,,,62.160280300530914,-0.002618389299802758,,,
5325,1642612350.1659503,5.8,-0.0036315593733189976,,,62.16109071752575,-0.002618440626681008,,,
5326,1642612350.170027,5.8,-0.0035065080464407334,,,62.161873228128286,-0.002618491953559258,,,
5327,1642612350.174138,5.8,-0.000506456719562481,,,62.16198624875951,-0.002618543280437508,,,
5328,1642612350.177382,5.8,-6.405392684230744e-06,,,62.16198767818378,-0.0026185946073157577,,,
5329,1642612350.181446,5.8,-0.0033813540658059974,,,62.16274225948585,-0.002618645934194008,,,
5330,1642612350.1855109,5.8,-0.003631302738927748,,,62.16355261921028,-0.0026186972610722577,,,
5331,1642612350.1887524,5.8,-0.001506251412049482,,,62.16388875353093,-0.002618748587950508,,,
5332,1642612350.1928217,5.8,0.0027437999148287578,,,62.16327644849807,-0.0026187999148287577,,,
5333,1642612350.1968825,5.8,0.0017438512417069932,,,62.162887291516874,-0.002618851241707008,,,
5334,1642612350.2001235,5.8,-0.0008810974314147455,,,62.16308391678418,-0.0026189025685852576,,,
5335,1642612350.2041867,5.8,-0.0027560461045365112,,,62.16369895467068,-0.0026189538954635074,,,
5336,1642612350.2082503,5.8,-0.0030059947776582335,,,62.16436977097953,-0.0026190052223417576,,,
5337,1642612350.2114892,5.8,-0.0013809434507799962,,,62.16467794163748,-0.0026190565492200074,,,
5338,1642612350.215551,5.8,0.00011910787609825538,,,62.16465136158271,-0.0026191078760982576,,,
5339,1642612350.2196124,5.8,-0.0016308407970234686,,,62.16501529920893,-0.0026191592029765074,,,
5340,1642612350.2228587,5.8,-0.004005789470145234,,,62.1659092292072,-0.0026192105298547576,,,
5341,1642612350.2269194,5.8,-0.002380738143266997,,,62.16644051355456,-0.0026192618567330074,,,
5342,1642612350.2309794,5.8,0.0004943131836112691,,,62.16633020286883,-0.002619313183611257,,,
5343,1642612350.2342753,5.8,0.0027443645104895074,,,62.16571777184109,-0.0026193645104895073,,,
5344,1642612350.2383344,5.8,0.0002444158373677411,,,62.16566322812362,-0.002619415837367757,,,
5345,1642612350.241575,5.8,-0.0031305328357539705,,,62.16636183628397,-0.002619467164246007,,,
5346,1642612350.2456365,5.8,-0.0033804815088757482,,,62.16711622286667,-0.002619518491124257,,,
5347,1642612350.2496974,5.8,-0.0022554301819975114,,,62.167619543551325,-0.002619569818002507,,,
5348,1642612350.2529428,5.8,0.0007446211448807415,,,62.16745337426467,-0.002619621144880757,,,
5349,1642612350.2570055,5.8,0.00011967247175900461,,,62.16742666821502,-0.002619672471759007,,,
5350,1642612350.2611141,5.8,-0.004130276201362749,,,62.16834837861071,-0.002619723798637257,,,
5351,1642612350.2643661,5.8,-0.004255224874484485,,,62.16929797249054,-0.002619775125515507,,,
5352,1642612350.2684271,5.8,-0.002505173547606234,,,62.169857025781226,-0.0026198264523937566,,,
5353,1642612350.2726843,5.8,0.00011987777927200457,,,62.16983027391525,-0.002619877779272007,,,
5354,1642612350.275941,5.8,0.00199492910615027,,,62.16938508652193,-0.0026199291061502566,,,
5355,1642612350.2800064,5.8,0.0003699804330285325,,,62.16930252187136,-0.0026199804330285068,,,
5356,1642612350.2832468,5.8,-0.002379968240093248,,,62.16983363440751,-0.0026200317599067565,,,
5357,1642612350.287309,5.8,-0.0022549169132150115,,,62.17033684055136,-0.0026200830867850067,,,
5358,1642612350.291375,5.8,-0.0006298655863367186,,,62.17047740104429,-0.0026201344136632565,,,
5359,1642612350.2946184,5.8,0.0016201857405415054,,,62.17011584119521,-0.0026201857405415063,,,
5360,1642612350.2986853,5.8,-0.0006297629325802186,,,62.17025637877998,-0.0026202370674197565,,,
5361,1642612350.3027515,5.8,-0.004004711605701986,,,62.17115006824257,-0.0026202883942980063,,,
5362,1642612350.3059928,5.8,-0.0045046602788237355,,,62.172155326003946,-0.0026203397211762565,,,
5363,1642612350.3100538,5.8,-0.0016296089519454698,,,62.172518988732214,-0.0026203910480545062,,,
5364,1642612350.3141203,5.8,0.0022454423749327422,,,62.172017896921645,-0.0026204423749327565,,,
5365,1642612350.3173606,5.8,0.0018704937018110333,,,62.171600478471646,-0.0026204937018110062,,,
5366,1642612350.321421,5.8,-0.0035044549713107356,,,62.17238253091095,-0.002620545028689256,,,
5367,1642612350.3254764,5.8,-0.003379403644432499,,,62.17313667695796,-0.002620596355567506,,,
5368,1642612350.3287225,5.8,-0.0001293523175542187,,,62.17316554315721,-0.002620647682445756,,,
5369,1642612350.332783,5.8,0.0032456990093240063,,,62.17244123457049,-0.002620699009324006,,,
5370,1642612350.3368435,5.8,0.003120750336202256,,,62.17174480946791,-0.002620750336202256,,,
5371,1642612350.3400807,5.8,-0.0015041983369194836,,,62.172080485625315,-0.002620801663080506,,,
5372,1642612350.3441448,5.8,-0.00387914701004125,,,62.17294615415479,-0.002620852989958756,,,
5373,1642612350.3482077,5.8,-0.0023790956831629987,,,62.173477071971575,-0.0026209043168370057,,,
5374,1642612350.351449,5.8,-0.0002540443562847605,,,62.17353376438456,-0.002620955643715256,,,
5375,1642612350.355512,5.8,0.0016210069705935048,,,62.17317202127019,-0.0026210069705935057,,,
5376,1642612350.3595731,5.8,-0.00025394170252826054,,,62.17322869077501,-0.002621058297471756,,,
5377,1642612350.362819,5.8,-0.00362889037565,,,62.17403851215765,-0.0026211096243500057,,,
5378,1642612350.3668814,5.8,-0.004003839048771737,,,62.17493200690086,-0.0026211609512282554,,,
5379,1642612350.3709438,5.8,-0.0022537877218935126,,,62.17543496105493,-0.0026212122781065056,,,
5380,1642612350.3742263,5.8,0.0006212636049847536,,,62.1752963201759,-0.0026212636049847554,,,
5381,1642612350.378288,5.8,0.0016213149318630047,,,62.17493450833705,-0.0026213149318630056,,,
5382,1642612350.3823495,5.8,-0.0013786337412587482,,,62.17524216356135,-0.0026213662587412554,,,
5383,1642612350.3855906,5.8,-0.0028785824143804997,,,62.1758845465902,-0.002621417585619505,,,
5384,1642612350.3896523,5.8,-0.0013785310875022482,,,62.176192178906334,-0.0026214689124977554,,,
5385,1642612350.3928988,5.8,0.001496520239376018,,,62.17585821618938,-0.002621520239376005,,,
5386,1642612350.3969593,5.8,0.002121571566254255,,,62.17538476732725,-0.0026215715662542553,,,
5387,1642612350.4010594,5.8,-0.002628377106867472,,,62.175971314663336,-0.002621622893132505,,,
5388,1642612350.4043012,5.8,-0.0036283257799892502,,,62.17678101005108,-0.0026216742200107553,,,
5389,1642612350.4083626,5.8,-0.001878274453110999,,,62.177200164849694,-0.002621725546889005,,,
5390,1642612350.4124272,5.8,0.0006217768737672531,,,62.177061409429854,-0.002621776873767255,,,
5391,1642612350.415667,5.8,0.002621828200645505,,,62.17647632354445,-0.002621828200645505,,,
5392,1642612350.419725,5.8,-0.0003781204724762478,,,62.1765607047222,-0.002621879527523755,,,
5393,1642612350.423791,5.8,-0.0040030691455979865,,,62.17745402765419,-0.002621930854402005,,,
5394,1642612350.4270344,5.8,-0.004003017818719737,,,62.17834733913211,-0.002621982181280255,,,
5395,1642612350.4310985,5.8,-0.002627966491841472,,,62.178933794835544,-0.002622033508158505,,,
5396,1642612350.4351566,5.8,0.0009970848350367672,,,62.178711285876574,-0.002622084835036755,,,
5397,1642612350.4383936,5.8,0.0004971361619150166,,,62.178600345216395,-0.0026221361619150046,,,
5398,1642612350.4424565,5.8,-0.001502812511206735,,,62.17893571211362,-0.002622187488793255,,,
5399,1642612350.446519,5.8,-0.002502761184328486,,,62.17949422706252,-0.0026222388156715046,,,
5400,1642612350.4497583,5.8,-0.0012527098574502626,,,62.17977378117514,-0.0026222901425497548,,,
5401,1642612350.4538195,5.8,0.0008723414694280307,,,62.17957910988399,-0.0026223414694280045,,,
5402,1642612350.4578786,5.8,-2.6072036937337117e-06,,,62.17957969170628,-0.0026223927963062547,,,
5403,1642612350.461123,5.8,-0.003502555876815487,,,62.180361320344595,-0.0026224441231845045,,,
5404,1642612350.4651923,5.8,-0.004252504549937238,,,62.18131030715814,-0.0026224954500627543,,,
5405,1642612350.4692526,5.8,-0.0030024532230589866,,,62.18198033313542,-0.0026225467769410045,,,
5406,1642612350.472534,5.8,0.0008725981038192805,,,62.18178560457386,-0.0026225981038192543,,,
5407,1642612350.476601,5.8,0.0029976494306975044,,,62.1811166506085,-0.0026226494306975045,,,
5408,1642612350.4806595,5.8,-0.0002522992424242622,,,62.181172953582745,-0.0026227007575757542,,,
5409,1642612350.4839003,5.8,-0.002627247915545973,,,62.18175924892905,-0.002622752084454004,,,
5410,1642612350.4879599,5.8,-0.0026271965886677227,,,62.18234553282127,-0.0026228034113322542,,,
5411,1642612350.492026,5.8,-0.0006271452617894711,,,62.18248548624792,-0.002622854738210504,,,
5412,1642612350.495267,5.8,0.0027479060650887543,,,62.1818722648886,-0.002622906065088754,,,
5413,1642612350.4993267,5.8,-0.0005020426080329849,,,62.18198430046887,-0.002622957391967004,,,
5414,1642612350.5026019,5.8,-0.0023769912811547507,,,62.18251474866834,-0.0026230087188452537,,,
5415,1642612350.5066628,5.8,-0.0015019399542764858,,,62.182849920846195,-0.002623060045723504,,,
5416,1642612350.510723,5.8,-0.002501888627398237,,,62.18340824107571,-0.0026231113726017537,,,
5417,1642612350.5139678,5.8,0.00024816269947998794,,,62.18335286121035,-0.002623162699480004,,,
5418,1642612350.518029,5.8,0.0011232140263582524,,,62.18310220532338,-0.0026232140263582537,,,
5419,1642612350.5220942,5.8,-0.0022517346467635143,,,62.18360470131422,-0.002623265353236504,,,
5420,1642612350.525334,5.8,-0.003876683319885252,,,62.18446982004782,-0.0026233166801147537,,,
5421,1642612350.5293994,5.8,-0.0025016319930069872,,,62.18502808300694,-0.0026233680069930035,,,
5422,1642612350.5334613,5.8,0.0011234193338712523,,,62.18477738130365,-0.0026234193338712537,,,
5423,1642612350.5367,5.8,0.002123470660749503,,,62.18430350864053,-0.0026234706607495034,,,
5424,1642612350.5407608,5.8,-0.0006264780123722215,,,62.18444331316414,-0.0026235219876277536,,,
5425,1642612350.5448213,5.8,-0.0015014266854939864,,,62.18477837080118,-0.0026235733145060034,,,
5426,1642612350.548061,5.8,-0.0017513753586157641,,,62.185169206860586,-0.0026236246413842536,,,
5427,1642612350.5521226,5.8,-0.0013763240317375002,,,62.18547634665126,-0.0026236759682625034,,,
5428,1642612350.5561824,5.8,0.0018737272951407802,,,62.18505820659417,-0.002623727295140753,,,
5429,1642612350.559422,5.8,-0.0007512213779810135,,,62.185225848785585,-0.0026237786220190034,,,
5430,1642612350.563517,5.8,-0.003251170051102766,,,62.185951378287285,-0.002623829948897253,,,
5431,1642612350.5675764,5.8,-0.0018761187242245007,,,62.1863700520145,-0.0026238812757755033,,,
5432,1642612350.5708168,5.8,-1.0673973462353367e-06,,,62.18637029021437,-0.002623932602653753,,,
5433,1642612350.5749235,5.8,0.0016239839295320024,,,62.18600788276331,-0.0026239839295320033,,,
5434,1642612350.578986,5.8,0.0008740352564102793,,,62.18581283348749,-0.002624035256410253,,,
5435,1642612350.5822265,5.8,-0.0035009134167114887,,,62.18659409559522,-0.002624086583288503,,,
5436,1642612350.5862868,5.8,-0.0033758620898332523,,,62.18734745131066,-0.002624137910166753,,,
5437,1642612350.5903528,5.8,-0.0018758107629550012,,,62.187766056313386,-0.002624189237045003,,,
5438,1642612350.5935981,5.8,0.0008742405639232793,,,62.18757096122124,-0.002624240563923253,,,
5439,1642612350.597659,5.8,0.002874291890801503,,,62.18692953566352,-0.002624291890801503,,,
5440,1642612350.601718,5.8,-0.0013756567823202505,,,62.18723652655113,-0.002624343217679753,,,
5441,1642612350.604957,5.8,-0.0023756054554420016,,,62.187766665490415,-0.002624394544558003,,,
5442,1642612350.6090171,5.8,-0.00025055412856376386,,,62.18782257902591,-0.0026244458714362526,,,
5443,1642612350.613077,5.8,0.0004994971983145148,,,62.18771111147801,-0.0026244971983145028,,,
5444,1642612350.6163158,5.8,0.003374548525192753,,,62.18695804889702,-0.0026245485251927526,,,
5445,1642612350.6203752,5.8,-0.0006254001479289728,,,62.187097612884926,-0.0026245998520710023,,,
5446,1642612350.6244419,5.8,-0.002500348821050738,,,62.18765558949202,-0.0026246511789492525,,,
5447,1642612350.6276813,5.8,-0.0013752974941725012,,,62.187962500201074,-0.0026247025058275023,,,
5448,1642612350.6317432,5.8,-0.00012524616729422218,,,62.18799045007387,-0.0026247538327057525,,,
5449,1642612350.6358035,5.8,0.0014998051595840152,,,62.18765575429573,-0.0026248051595840023,,,
5450,1642612350.6390462,5.8,-0.0015001435135377373,,,62.187990525580766,-0.0026248564864622525,,,
5451,1642612350.6431067,5.8,-0.004500092186659491,,,62.188994763928946,-0.0026249078133405023,,,
5452,1642612350.6471682,5.8,-0.002875040859781253,,,62.18963635662622,-0.002624959140218752,,,
5453,1642612350.650409,5.8,0.00012501046709700002,,,62.189608459352165,-0.0026250104670970022,,,
5454,1642612350.6544755,5.8,0.004250061793975252,,,62.18866001766283,-0.002625061793975252,,,
5455,1642612350.6577122,5.8,0.004000113120853502,,,62.18776735439586,-0.0026251131208535022,,,
5456,1642612350.661775,5.8,-0.001624835552268224,,,62.18812995189462,-0.002625164447731752,,,
5457,1642612350.6658366,5.8,-0.00424978422538999,,,62.18907833164188,-0.002625215774610002,,,
5458,1642612350.6690762,5.8,-0.002874732898511753,,,62.18971985561466,-0.002625267101488252,,,
5459,1642612350.6731985,5.8,0.00025031842836648575,,,62.18966399467791,-0.0026253184283665017,,,
5460,1642612350.6772966,5.8,0.001875369755244779,,,62.189245488090236,-0.002625369755244752,,,
5461,1642612350.680538,5.8,-0.0016245789178769743,,,62.1896080283186,-0.0026254210821230017,,,
5462,1642612350.6846042,5.8,-0.0033745275909987534,,,62.190361086227924,-0.002625472409001252,,,
5463,1642612350.6886692,5.8,-0.001499476264120488,,,62.19069570860991,-0.0026255237358795017,,,
5464,1642612350.6919153,5.8,0.0011255750627577506,,,62.19044452583522,-0.002625575062757752,,,
5465,1642612350.6959772,5.8,0.002000626389636015,,,62.18999806703893,-0.0026256263896360017,,,
5466,1642612350.700038,5.8,0.0005006777165142634,,,62.189886336047174,-0.0026256777165142514,,,
5467,1642612350.7032776,5.8,-0.0033742709566075037,,,62.190639336686104,-0.0026257290433925017,,,
5468,1642612350.7073393,5.8,-0.0028742196297292535,,,62.19128074611808,-0.0026257803702707514,,,
5469,1642612350.7114017,5.8,-0.001124168302850974,,,62.191531614960915,-0.0026258316971490016,,,
5470,1642612350.714641,5.8,0.002250883024027237,,,62.19102930901778,-0.0026258830240272514,,,
5471,1642612350.7187047,5.8,0.001000934350905514,,,62.19080594100275,-0.0026259343509055016,,,
5472,1642612350.722769,5.8,-0.0024990143222162393,,,62.191363619803745,-0.0026259856777837514,,,
5473,1642612350.7260082,5.8,-0.0038739629953380046,,,62.19222813147106,-0.002626037004662001,,,
5474,1642612350.730069,5.8,-0.0013739116684597522,,,62.19253473291994,-0.0026260883315402514,,,
5475,1642612350.7341316,5.8,0.0021261396584185007,,,62.19206026464462,-0.002626139658418501,,,
5476,1642612350.7373738,5.8,0.0030011909852967512,,,62.19139052034769,-0.0026261909852967513,,,
5477,1642612350.7414348,5.8,-0.0018737576878250029,,,62.19180866718719,-0.002626242312175001,,,
5478,1642612350.7454963,5.8,-0.005748706360946742,,,62.193091545657374,-0.002626293639053251,,,
5479,1642612350.7487369,5.8,-0.0038736550340685047,,,62.19395598860021,-0.002626344965931501,,,
5480,1642612350.7528038,5.8,-0.00249860370719024,,,62.19451357576855,-0.002626396292809751,,,
5481,1642612350.756865,5.8,0.0002514476196879851,,,62.194457462842024,-0.002626447619688001,,,
5482,1642612350.760104,5.8,-0.0004985010534337381,,,62.19456870809073,-0.002626498946566251,,,
5483,1642612350.7641659,5.8,-0.0029984497265554905,,,62.19523784064971,-0.0026265502734445006,,,
5484,1642612350.7682288,5.8,-0.0004983983996772381,,,62.195349062990246,-0.002626601600322751,,,
5485,1642612350.7714694,5.8,0.0013766529272010272,,,62.195041849803424,-0.0026266529272010006,,,
5486,1642612350.7755616,5.8,0.0018767042540792779,,,62.19462304540966,-0.002626704254079251,,,
5487,1642612350.778802,5.8,0.0015017555809575135,,,62.19428791437646,-0.0026267555809575006,,,
5488,1642612350.7828686,5.8,-0.0022481930921642674,,,62.19478962003572,-0.0026268069078357508,,,
5489,1642612350.7869282,5.8,-0.002748141765286018,,,62.19540289399378,-0.0026268582347140005,,,
5490,1642612350.7901673,5.8,-0.002248090438407768,,,62.19590457674489,-0.0026269095615922503,,,
5491,1642612350.7942612,5.8,0.0001269608884704983,,,62.19587624421577,-0.0026269608884705005,,,
5492,1642612350.7983224,5.8,0.002502012215348764,,,62.19531789640642,-0.0026270122153487503,,,
5493,1642612350.8015637,5.8,-0.0019979364577729897,,,62.19576375491885,-0.0026270635422270005,,,
5494,1642612350.8056219,5.8,-0.0034978851308947413,,,62.19654434123582,-0.0026271148691052503,,,
5495,1642612350.809683,5.8,-0.0016228338040164755,,,62.19690649202543,-0.0026271661959835005,,,
5496,1642612350.8129296,5.8,0.001377217522861777,,,62.196599152843724,-0.0026272175228617503,,,
5497,1642612350.8169901,5.8,0.00437726884974,,,62.1956223236907,-0.00262726884974,,,
5498,1642612350.821071,5.8,0.0013773201766182769,,,62.19531496160083,-0.0026273201766182502,,,
5499,1642612350.824311,5.8,-0.001622628496503476,,,62.19567706657412,-0.0026273715034965,,,
5500,1642612350.8283722,5.8,-0.00199757716962524,,,62.19612284490799,-0.00262742283037475,,,
5501,1642612350.8324327,5.8,-0.0003725258427470027,,,62.196205977590935,-0.002627474157253,,,
5502,1642612350.8356724,5.8,0.001252525484131235,,,62.19592646462296,-0.00262752548413125,,,
5503,1642612350.8397336,5.8,-0.0004974231889904889,,,62.19603746933596,-0.0026275768110095,,,
5504,1642612350.8437948,5.8,-0.003497371862112242,,,62.196817941112116,-0.0026276281378877497,,,
5505,1642612350.8470337,5.8,-0.003247320535234019,,,62.19754261155776,-0.002627679464766,,,
5506,1642612350.851098,5.8,0.0003777307916442755,,,62.19745831734099,-0.0026277307916442497,,,
5507,1642612350.8551588,5.8,0.0021277821185224995,,,62.19698348253509,-0.0026277821185225,,,
5508,1642612350.8583972,5.8,0.00325283344540075,,,62.196257581831134,-0.0026278334454007497,,,
5509,1642612350.862463,5.8,-0.0013721152277210037,,,62.19656378238719,-0.002627884772279,,,
5510,1642612350.8665214,5.8,-0.002747063900842769,,,62.19717681580954,-0.0026279360991572497,,,
5511,1642612350.8697622,5.8,-0.0016220125739644766,,,62.19753878333387,-0.0026279874260354994,,,
5512,1642612350.8738236,5.8,-0.000371961247086253,,,62.19762179002192,-0.0026280387529137497,,,
5513,1642612350.8779204,5.8,0.0015030900797920123,,,62.19728636118262,-0.0026280900797919994,,,
5514,1642612350.8811634,5.8,-0.0006218585933297259,,,62.19742513483895,-0.002628141406670249,,,
5515,1642612350.8852265,5.8,-0.002246807266451519,,,62.19792653123804,-0.0026281927335484994,,,
5516,1642612350.888468,5.8,-0.0027467559395732695,,,62.19853949593592,-0.002628244060426749,,,
5517,1642612350.892531,5.8,-0.001996704612694991,,,62.19898507955041,-0.0026282953873049994,,,
5518,1642612350.8965914,5.8,0.0008783467141832754,,,62.198789068131795,-0.002628346714183249,,,
5519,1642612350.8998315,5.8,0.0010033980410615118,,,62.19856515032089,-0.0026283980410614994,,,
5520,1642612350.903893,5.8,-0.0016215506320602269,,,62.19892701475848,-0.002628449367939749,,,
5521,1642612350.9079533,5.8,-0.0008714993051820042,,,62.199121498112675,-0.002628500694817999,,,
5522,1642612350.9111958,5.8,0.00037855202169627487,,,62.19903702063061,-0.002628552021696249,,,
5523,1642612350.9152503,5.8,0.001878603348574526,,,62.198617792435854,-0.002628603348574499,,,
5524,1642612350.9193046,5.8,0.0008786546754527753,,,62.19842171229276,-0.002628654675452749,,,
5525,1642612350.9225512,5.8,-0.0032462939976690202,,,62.199146153656784,-0.002628706002330999,,,
5526,1642612350.926615,5.8,-0.002996242670790742,,,62.199814793690294,-0.002628757329209249,,,
5527,1642612350.9306781,5.8,-0.001746191343912519,,,62.200204472887535,-0.002628808656087499,,,
5528,1642612350.9339175,5.8,0.001753859982965734,,,62.19981308236059,-0.0026288599829657486,,,
5529,1642612350.9379787,5.8,0.0030039113098439987,,,62.19914273099738,-0.002628911309843999,,,
5530,1642612350.9420433,5.8,-0.0022460373632777696,,,62.19964395558526,-0.0026289626367222486,,,
5531,1642612350.945283,5.8,-0.003745986036399493,,,62.200479907977666,-0.002629013963600499,,,
5532,1642612350.9493427,5.8,-0.0007459347095212683,,,62.200646370398765,-0.0026290652904787486,,,
5533,1642612350.9535482,5.8,0.0023791166173570263,,,62.20011544791032,-0.0026291166173569988,,,
5534,1642612350.9567897,5.8,0.004129167944235249,,,62.199193984832746,-0.0026291679442352485,,,
5535,1642612350.9608457,5.8,-0.000995780728886491,,,62.199416202768035,-0.0026292192711134983,,,
5536,1642612350.964912,5.8,-0.004745729402008244,,,62.200475257395794,-0.0026292705979917485,,,
5537,1642612350.9681523,5.8,-0.003120678075129979,,,62.20117166637263,-0.0026293219248699983,,,
5538,1642612350.9722142,5.8,4.373251748260049e-06,,,62.20117069043993,-0.0026293732517482485,,,
5539,1642612350.9763086,5.8,0.0036294245786264983,,,62.200360749844826,-0.0026294245786264983,,,
5540,1642612350.979548,5.8,0.0030044759055047484,,,62.199690272486734,-0.0026294759055047485,,,
5541,1642612350.98361,5.8,-0.002370472767617006,,,62.20021926601794,-0.0026295272323829983,,,
5542,1642612350.9868507,5.8,-0.002870421440738757,,,62.200859827847935,-0.002629578559261248,,,
5543,1642612350.990913,5.8,-0.0009953701138604911,,,62.201081954150574,-0.0026296298861394982,,,
5544,1642612350.9949737,5.8,0.0016296812130177471,,,62.20071827529655,-0.002629681213017748,,,
5545,1642612350.9982114,5.8,0.003504732539895998,,,62.19993616091518,-0.002629732539895998,,,
5546,1642612351.0022757,5.8,4.783866774259529e-06,,,62.199935093349836,-0.002629783866774248,,,
5547,1642612351.00597,5.8,-0.0032451648063475213,,,62.20065928272408,-0.0026298351936524978,,,
5548,1642612351.010033,5.8,-0.0034951134794692436,,,62.201439250520686,-0.002629886520530748,,,
5549,1642612351.0141013,5.8,-0.00174506215259102,,,62.20182867772816,-0.0026299378474089977,,,
5550,1642612351.0173423,5.8,0.0013799891742872746,,,62.20152072002609,-0.002629989174287248,,,
5551,1642612351.0214021,5.8,-0.0002449594988345187,,,62.201575385066775,-0.0026300405011654977,,,
5552,1642612351.024641,5.8,-0.003369908171956258,,,62.202327412108836,-0.0026300918280437475,,,
5553,1642612351.028706,5.8,-0.0026198568450779792,,,62.20291205806751,-0.0026301431549219977,,,
5554,1642612351.0327716,5.8,-0.0004948055181997414,,,62.20302247862239,-0.0026301944818002475,,,
5555,1642612351.0360105,5.8,0.0021302458086784972,,,62.20254709402061,-0.0026302458086784977,,,
5556,1642612351.0400748,5.8,0.002130297135556747,,,62.20207169796475,-0.0026302971355567474,,,
5557,1642612351.0441344,5.8,-0.002119651537564979,,,62.202544718354225,-0.0026303484624349976,,,
5558,1642612351.0473752,5.8,-0.0032446002106867717,,,62.203268781733584,-0.0026303997893132474,,,
5559,1642612351.0514367,5.8,-0.0011195488838084784,,,62.20351861970916,-0.002630451116191497,,,
5560,1642612351.0554957,5.8,0.0007555024430697319,,,62.203350022157366,-0.0026305024430697474,,,
5561,1642612351.0587351,5.8,0.00150555376994801,,,62.203014043522195,-0.002630553769947997,,,
5562,1642612351.0627968,5.8,-0.0018693949031737566,,,62.20343121676483,-0.0026306050968262474,,,
5563,1642612351.0668569,5.8,-0.0013693435762955064,,,62.203736798800506,-0.002630656423704497,,,
5564,1642612351.0700953,5.8,-0.0008692922494172558,,,62.20393078962924,-0.0026307077505827474,,,
5565,1642612351.0741603,5.8,0.0011307590774609958,,,62.203678449992395,-0.002630759077460997,,,
5566,1642612351.0782714,5.8,0.0023808104043392744,,,62.203147149519296,-0.002630810404339247,,,
5567,1642612351.0815165,5.8,-0.0004941382687824918,,,62.203257421171124,-0.002630861731217497,,,
5568,1642612351.08558,5.8,-0.0022440869419042713,,,62.20375821050393,-0.002630913058095747,,,
5569,1642612351.089641,5.8,-0.0017440356150260207,,,62.20414740862978,-0.002630964384973997,,,
5570,1642612351.0928864,5.8,-0.000493984288147742,,,62.20425764591937,-0.002631015711852247,,,
5571,1642612351.096947,5.8,0.003256067038730497,,,62.203531023608335,-0.002631067038730497,,,
5572,1642612351.101049,5.8,0.0025061183656087606,,,62.20297175947252,-0.002631118365608747,,,
5573,1642612351.1042902,5.8,-0.0009938303075129927,,,62.203193542152746,-0.0026311696924869966,,,
5574,1642612351.1083517,5.8,-0.00261877898063473,,,62.203777947575716,-0.002631221019365247,,,
5575,1642612351.1124172,5.8,-0.0008687276537565065,,,62.203971812409556,-0.0026312723462434966,,,
5576,1642612351.1156564,5.8,0.0010063236731217592,,,62.203747241716044,-0.002631323673121747,,,
5577,1642612351.1197162,5.8,0.0013813750000000232,,,62.203438974753794,-0.0026313749999999966,,,
